-11
-22
-33
-44
-55
-66
-77
-88
-99
-110
-121
-132
-143
-154
-131.42857142857144
-142.42857142857144
-153.42857142857144
-139.20634920634922
-150.20634920634922
-161.20634920634922
-114.20634920634922
-125.20634920634922
-136.20634920634922
-147.20634920634922
-158.20634920634922
-169.20634920634922
-180.20634920634922
-191.20634920634922
-202.20634920634922
-213.20634920634922
-224.20634920634922
-235.20634920634922
-246.20634920634922
-257.2063492063492
-268.2063492063492
-279.2063492063492
-290.2063492063492
-301.2063492063492
-312.2063492063492
-323.2063492063492
-334.2063492063492
-345.2063492063492
-356.2063492063492
-367.2063492063492
-378.2063492063492
-389.2063492063492
-400.2063492063492
-411.2063492063492
-422.2063492063492
-433.2063492063492
-334.2063492063492
-345.2063492063492
-316.87301587301585
-327.87301587301585
-338.87301587301585
-349.87301587301585
-360.87301587301585
-371.87301587301585
-382.87301587301585
-393.87301587301585
-404.87301587301585
-415.87301587301585
-426.87301587301585
-408.87301587301585
-419.87301587301585
-430.87301587301585
-441.87301587301585
-452.87301587301585
-463.87301587301585
-474.87301587301585
-485.87301587301585
-496.87301587301585
-507.87301587301585
-518.8730158730159
-529.8730158730159
-540.8730158730159
-551.8730158730159
-562.8730158730159
-573.8730158730159
-584.8730158730159
-570.6507936507937
-581.6507936507937
-592.6507936507937
-603.6507936507937
-614.6507936507937
-625.6507936507937
-636.6507936507937
-647.6507936507937
-658.6507936507937
-669.6507936507937
-680.6507936507937
-691.6507936507937
-702.6507936507937
-713.6507936507937
-724.6507936507937
-735.6507936507937
-746.6507936507937
-757.6507936507937
-768.6507936507937
-779.6507936507937
-790.6507936507937
-801.6507936507937
-812.6507936507937
-823.6507936507937
-834.6507936507937
-845.6507936507937
-856.6507936507937
-867.6507936507937
-878.6507936507937
-889.6507936507937
-900.6507936507937
-911.6507936507937
-922.6507936507937
-933.6507936507937
-944.6507936507937
-955.6507936507937
-966.6507936507937
-977.6507936507937
-988.6507936507937
-999.6507936507937
-1010.6507936507937
-1021.6507936507937
-999.0793650793651
-1010.0793650793651
-1021.0793650793651
-1032.079365079365
-1017.8571428571429
-1028.857142857143
-1039.857142857143
-1050.857142857143
-1061.857142857143
-1072.857142857143
-1083.857142857143
-984.8571428571429
-995.8571428571429
-1006.8571428571429
-1017.8571428571429
-1028.857142857143
-1039.857142857143
-1050.857142857143
-1061.857142857143
-1072.857142857143
-1083.857142857143
-1094.857142857143
-1105.857142857143
-1116.857142857143
-1127.857142857143
-1138.857142857143
-1149.857142857143
-1160.857142857143
-1171.857142857143
-1182.857142857143
-1193.857142857143
-1204.857142857143
-1215.857142857143
-1226.857142857143
-1198.5238095238094
-1209.5238095238094
-1220.5238095238094
-1231.5238095238094
-1242.5238095238094
-1253.5238095238094
-1264.5238095238094
-1275.5238095238094
-1286.5238095238094
-1297.5238095238094
-1308.5238095238094
-1319.5238095238094
-1330.5238095238094
-1341.5238095238094
-1352.5238095238094
-1363.5238095238094
-1374.5238095238094
-1385.5238095238094
-1396.5238095238094
-1407.5238095238094
-1418.5238095238094
-1429.5238095238094
-1440.5238095238094
-1429.5238095238094
-1440.5238095238094
-1451.5238095238094
-1462.5238095238094
-1473.5238095238094
-1484.5238095238094
-1495.5238095238094
-1506.5238095238094
-1441.857142857143
-1452.857142857143
-1463.857142857143
-1474.857142857143
-1485.857142857143
-1496.857142857143
-1507.857142857143
-1518.857142857143
-1529.857142857143
-1540.857142857143
-1551.857142857143
-1562.857142857143
-1573.857142857143
-1584.857142857143
-1595.857142857143
-1581.6349206349207
-1592.6349206349207
-1603.6349206349207
-1614.6349206349207
-1600.4126984126985
-1611.4126984126985
-1622.4126984126985
-1633.4126984126985
-1644.4126984126985
-1655.4126984126985
-1637.4126984126985
-1648.4126984126985
-1659.4126984126985
-1636.84126984127
-1647.84126984127
-1658.84126984127
-1636.2698412698417
-1537.2698412698417
-1472.6031746031751
-1483.6031746031751
-1494.6031746031751
-1505.6031746031751
-1516.6031746031751
-1527.6031746031751
-1538.6031746031751
-1549.6031746031751
-1560.6031746031751
-1571.6031746031751
-1582.6031746031751
-1593.6031746031751
-1604.6031746031751
-1615.6031746031751
-1626.6031746031751
-1637.6031746031751
-1648.6031746031751
-1659.6031746031751
-1670.6031746031751
-1681.6031746031751
-1692.6031746031751
-1681.6031746031751
-1692.6031746031751
-1681.6031746031751
-1692.6031746031751
-1703.6031746031751
-1714.6031746031751
-1725.6031746031751
-1736.6031746031751
-1747.6031746031751
-1758.6031746031751
-1769.6031746031751
-1780.6031746031751
-1791.6031746031751
-1802.6031746031751
-1813.6031746031751
-1824.6031746031751
-1835.6031746031751
-1821.380952380953
-1832.380952380953
-1843.380952380953
-1854.380952380953
-1865.380952380953
-1876.380952380953
-1887.380952380953
-1869.380952380953
-1880.380952380953
-1891.380952380953
-1902.380952380953
-1913.380952380953
-1924.380952380953
-1825.380952380953
-1836.380952380953
-1822.1587301587308
-1833.1587301587308
-1844.1587301587308
-1855.1587301587308
-1866.1587301587308
-1877.1587301587308
-1888.1587301587308
-1841.1587301587308
-1823.1587301587308
-1834.1587301587308
-1845.1587301587308
-1856.1587301587308
-1867.1587301587308
-1878.1587301587308
-1889.1587301587308
-1900.1587301587308
-1911.1587301587308
-1922.1587301587308
-1933.1587301587308
-1944.1587301587308
-1926.1587301587308
-1937.1587301587308
-1948.1587301587308
-1919.8253968253973
-1930.8253968253973
-1941.8253968253973
-1952.8253968253973
-1963.8253968253973
-1974.8253968253973
-1985.8253968253973
-1996.8253968253973
-2007.8253968253973
-2018.8253968253973
-2029.8253968253973
-2040.8253968253973
-2051.8253968253975
-2062.8253968253975
-2073.8253968253975
-2084.8253968253975
-2095.8253968253975
-2106.8253968253975
-2117.8253968253975
-2128.8253968253975
-2139.8253968253975
-2150.8253968253975
-2161.8253968253975
-2172.8253968253975
-2183.8253968253975
-2194.8253968253975
-2205.8253968253975
-2158.8253968253975
-2169.8253968253975
-2180.8253968253975
-2191.8253968253975
-2202.8253968253975
-2213.8253968253975
-2166.8253968253975
-2177.8253968253975
-2188.8253968253975
-2199.8253968253975
-2210.8253968253975
-2221.8253968253975
-2232.8253968253975
-2243.8253968253975
-2254.8253968253975
-2265.8253968253975
-2276.8253968253975
-2265.8253968253975
-2276.8253968253975
-2287.8253968253975
-2298.8253968253975
-2309.8253968253975
-2320.8253968253975
-2331.8253968253975
-2342.8253968253975
-2353.8253968253975
-2364.8253968253975
-2375.8253968253975
-2386.8253968253975
-2397.8253968253975
-2408.8253968253975
-2419.8253968253975
-2430.8253968253975
-2441.8253968253975
-2452.8253968253975
-2416.8253968253975
-2427.8253968253975
-2438.8253968253975
-2449.8253968253975
-2460.8253968253975
-2471.8253968253975
-2482.8253968253975
-2493.8253968253975
-2504.8253968253975
-2515.8253968253975
-2479.8253968253975
-2490.8253968253975
-2501.8253968253975
-2512.8253968253975
-2523.8253968253975
-2534.8253968253975
-2545.8253968253975
-2556.8253968253975
-2567.8253968253975
-2578.8253968253975
-2589.8253968253975
-2600.8253968253975
-2611.8253968253975
-2622.8253968253975
-2633.8253968253975
-2644.8253968253975
-2655.8253968253975
-2666.8253968253975
-2677.8253968253975
-2659.8253968253975
-2670.8253968253975
-2681.8253968253975
-2653.4920634920645
-2664.4920634920645
-2565.4920634920645
-2576.4920634920645
-2587.4920634920645
-2559.1587301587315
-2570.1587301587315
-2581.1587301587315
-2592.1587301587315
-2603.1587301587315
-2614.1587301587315
-2625.1587301587315
-2636.1587301587315
-2571.4920634920645
-2582.4920634920645
-2593.4920634920645
-2604.4920634920645
-2615.4920634920645
-2626.4920634920645
-2637.4920634920645
-2572.8253968253975
-2583.8253968253975
-2561.253968253969
-2572.253968253969
-2583.253968253969
-2594.253968253969
-2605.253968253969
-2616.253968253969
-2627.253968253969
-2638.253968253969
-2649.253968253969
-2660.253968253969
-2671.253968253969
-2653.253968253969
-2642.253968253969
-2653.253968253969
-2664.253968253969
-2675.253968253969
-2686.253968253969
-2697.253968253969
-2708.253968253969
-2690.253968253969
-2676.0317460317465
-2687.0317460317465
-2622.3650793650795
-2633.3650793650795
-2644.3650793650795
-2655.3650793650795
-2666.3650793650795
-2677.3650793650795
-2688.3650793650795
-2699.3650793650795
-2710.3650793650795
-2721.3650793650795
-2732.3650793650795
-2743.3650793650795
-2754.3650793650795
-2765.3650793650795
-2776.3650793650795
-2787.3650793650795
-2798.3650793650795
-2751.3650793650795
-2762.3650793650795
-2748.142857142857
-2759.142857142857
-2748.142857142857
-2759.142857142857
-2770.142857142857
-2781.142857142857
-2792.142857142857
-2803.142857142857
-2785.142857142857
-2796.142857142857
-2807.142857142857
-2818.142857142857
-2829.142857142857
-2811.142857142857
-2822.142857142857
-2833.142857142857
-2844.142857142857
-2821.5714285714284
-2832.5714285714284
-2843.5714285714284
-2778.9047619047615
-2760.9047619047615
-2771.9047619047615
-2782.9047619047615
-2793.9047619047615
-2804.9047619047615
-2815.9047619047615
-2826.9047619047615
-2779.9047619047615
-2790.9047619047615
-2801.9047619047615
-2783.9047619047615
-2794.9047619047615
-2766.5714285714284
-2777.5714285714284
-2788.5714285714284
-2741.5714285714284
-2752.5714285714284
-2687.9047619047615
-2698.9047619047615
-2709.9047619047615
-2720.9047619047615
-2731.9047619047615
-2742.9047619047615
-2753.9047619047615
-2764.9047619047615
-2775.9047619047615
-2786.9047619047615
-2687.9047619047615
-2698.9047619047615
-2709.9047619047615
-2610.9047619047615
-2621.9047619047615
-2632.9047619047615
-2643.9047619047615
-2632.9047619047615
-2643.9047619047615
-2654.9047619047615
-2665.9047619047615
-2676.9047619047615
-2687.9047619047615
-2659.5714285714284
-2670.5714285714284
-2681.5714285714284
-2692.5714285714284
-2703.5714285714284
-2714.5714285714284
-2725.5714285714284
-2736.5714285714284
-2747.5714285714284
-2758.5714285714284
-2769.5714285714284
-2780.5714285714284
-2791.5714285714284
-2802.5714285714284
-2813.5714285714284
-2824.5714285714284
-2835.5714285714284
-2846.5714285714284
-2857.5714285714284
-2868.5714285714284
-2879.5714285714284
-2890.5714285714284
-2901.5714285714284
-2912.5714285714284
-2923.5714285714284
-2934.5714285714284
-2945.5714285714284
-2956.5714285714284
-2967.5714285714284
-2978.5714285714284
-2989.5714285714284
-3000.5714285714284
-3011.5714285714284
-3022.5714285714284
-3033.5714285714284
-3044.5714285714284
-3055.5714285714284
-3066.5714285714284
-3052.349206349206
-3063.349206349206
-3074.349206349206
-3085.349206349206
-3096.349206349206
-3107.349206349206
-3118.349206349206
-3129.349206349206
-3140.349206349206
-3151.349206349206
-3162.349206349206
-3173.349206349206
-3184.349206349206
-3195.349206349206
-3167.015873015873
-3178.015873015873
-3189.015873015873
-3200.015873015873
-3211.015873015873
-3222.015873015873
-3233.015873015873
-3244.015873015873
-3255.015873015873
-3266.015873015873
-3237.6825396825398
-3248.6825396825398
-3259.6825396825398
-3270.6825396825398
-3281.6825396825398
-3292.6825396825398
-3303.6825396825398
-3314.6825396825398
-3325.6825396825398
-3336.6825396825398
-3322.460317460317
-3333.460317460317
-3315.460317460317
-3326.460317460317
-3290.460317460317
-3301.460317460317
-3312.460317460317
-3323.460317460317
-3334.460317460317
-3345.460317460317
-3356.460317460317
-3367.460317460317
-3378.460317460317
-3389.460317460317
-3400.460317460317
-3411.460317460317
-3422.460317460317
-3433.460317460317
-3444.460317460317
-3455.460317460317
-3466.460317460317
-3477.460317460317
-3488.460317460317
-3499.460317460317
-3510.460317460317
-3521.460317460317
-3532.460317460317
-3514.460317460317
-3478.460317460317
-3489.460317460317
-3500.460317460317
-3511.460317460317
-3522.460317460317
-3533.460317460317
-3544.460317460317
-3555.460317460317
-3566.460317460317
-3577.460317460317
-3588.460317460317
-3599.460317460317
-3610.460317460317
-3563.460317460317
-3574.460317460317
-3585.460317460317
-3596.460317460317
-3607.460317460317
-3618.460317460317
-3629.460317460317
-3582.460317460317
-3593.460317460317
-3604.460317460317
-3615.460317460317
-3626.460317460317
-3637.460317460317
-3648.460317460317
-3659.460317460317
-3670.460317460317
-3681.460317460317
-3692.460317460317
-3703.460317460317
-3685.460317460317
-3696.460317460317
-3707.460317460317
-3718.460317460317
-3729.460317460317
-3740.460317460317
-3751.460317460317
-3652.460317460317
-3663.460317460317
-3674.460317460317
-3685.460317460317
-3696.460317460317
-3682.2380952380945
-3659.666666666666
-3670.666666666666
-3681.666666666666
-3692.666666666666
-3703.666666666666
-3714.666666666666
-3725.666666666666
-3736.666666666666
-3700.666666666666
-3601.666666666666
-3612.666666666666
-3623.666666666666
-3634.666666666666
-3645.666666666666
-3656.666666666666
-3667.666666666666
-3678.666666666666
-3689.666666666666
-3700.666666666666
-3711.666666666666
-3722.666666666666
-3733.666666666666
-3744.666666666666
-3755.666666666666
-3766.666666666666
-3777.666666666666
-3788.666666666666
-3799.666666666666
-3810.666666666666
-3799.666666666666
-3810.666666666666
-3821.666666666666
-3832.666666666666
-3843.666666666666
