-11
-22
-33
-44
-55
-66
-77
-88
-99
-110
-121
-132
-143
-154
-165
-176
-187
-198
-209
-220
-231
-242
-224.0
-235.0
-246.0
-257.0
-268.0
-279.0
-290.0
-301.0
-312.0
-323.0
-334.0
-345.0
-356.0
-367.0
-378.0
-389.0
-400.0
-411.0
-422.0
-433.0
-444.0
-455.0
-466.0
-477.0
-488.0
-499.0
-510.0
-521.0
-532.0
-543.0
-496.0
-507.0
-518.0
-529.0
-540.0
-551.0
-562.0
-573.0
-584.0
-595.0
-606.0
-617.0
-628.0
-639.0
-650.0
-635.7777777777778
-646.7777777777778
-547.7777777777778
-558.7777777777778
-569.7777777777778
-580.7777777777778
-591.7777777777778
-602.7777777777778
-613.7777777777778
-624.7777777777778
-635.7777777777778
-646.7777777777778
-657.7777777777778
-668.7777777777778
-679.7777777777778
-690.7777777777778
-701.7777777777778
-712.7777777777778
-701.7777777777778
-712.7777777777778
-723.7777777777778
-734.7777777777778
-716.7777777777778
-727.7777777777778
-738.7777777777778
-749.7777777777778
-731.7777777777778
-742.7777777777778
-753.7777777777778
-654.7777777777778
-665.7777777777778
-676.7777777777778
-665.7777777777778
-676.7777777777778
-687.7777777777778
-698.7777777777778
-709.7777777777778
-720.7777777777778
-731.7777777777778
-742.7777777777778
-753.7777777777778
-764.7777777777778
-746.7777777777778
-757.7777777777778
-768.7777777777778
-779.7777777777778
-790.7777777777778
-768.2063492063492
-779.2063492063492
-790.2063492063492
-801.2063492063492
-812.2063492063492
-823.2063492063492
-834.2063492063492
-845.2063492063492
-856.2063492063492
-867.2063492063492
-878.2063492063492
-889.2063492063492
-790.2063492063492
-725.5396825396824
-736.5396825396824
-747.5396825396824
-758.5396825396824
-769.5396825396824
-755.3174603174602
-766.3174603174602
-777.3174603174602
-788.3174603174602
-799.3174603174602
-810.3174603174602
-821.3174603174602
-832.3174603174602
-796.3174603174602
-807.3174603174602
-818.3174603174602
-829.3174603174602
-840.3174603174602
-851.3174603174602
-862.3174603174602
-873.3174603174602
-884.3174603174602
-870.0952380952381
-881.0952380952381
-892.0952380952381
-903.0952380952381
-914.0952380952381
-925.0952380952381
-936.0952380952381
-947.0952380952381
-958.0952380952381
-969.0952380952381
-980.0952380952381
-991.0952380952381
-1002.0952380952381
-1013.0952380952381
-1024.095238095238
-1035.095238095238
-1046.095238095238
-1057.095238095238
-1068.095238095238
-1079.095238095238
-1090.095238095238
-1101.095238095238
-1112.095238095238
-1123.095238095238
-1134.095238095238
-1145.095238095238
-1156.095238095238
-1145.095238095238
-1156.095238095238
-1167.095238095238
-1178.095238095238
-1189.095238095238
-1200.095238095238
-1211.095238095238
-1222.095238095238
-1233.095238095238
-1244.095238095238
-1221.5238095238096
-1232.5238095238096
-1243.5238095238096
-1254.5238095238096
-1265.5238095238096
-1276.5238095238096
-1287.5238095238096
-1298.5238095238096
-1309.5238095238096
-1320.5238095238096
-1331.5238095238096
-1342.5238095238096
-1353.5238095238096
-1364.5238095238096
-1375.5238095238096
-1386.5238095238096
-1372.3015873015875
-1383.3015873015875
-1394.3015873015875
-1358.3015873015875
-1369.3015873015875
-1380.3015873015875
-1391.3015873015875
-1402.3015873015875
-1413.3015873015875
-1424.3015873015875
-1435.3015873015875
-1446.3015873015875
-1457.3015873015875
-1468.3015873015875
-1479.3015873015875
-1490.3015873015875
-1501.3015873015875
-1512.3015873015875
-1523.3015873015875
-1500.730158730159
-1511.730158730159
-1522.730158730159
-1533.730158730159
-1544.730158730159
-1555.730158730159
-1566.730158730159
-1577.730158730159
-1566.730158730159
-1577.730158730159
-1588.730158730159
-1599.730158730159
-1610.730158730159
-1621.730158730159
-1632.730158730159
-1643.730158730159
-1654.730158730159
-1665.730158730159
-1676.730158730159
-1687.730158730159
-1698.730158730159
-1709.730158730159
-1720.730158730159
-1656.0634920634925
-1667.0634920634925
-1678.0634920634925
-1689.0634920634925
-1700.0634920634925
-1711.0634920634925
-1646.396825396826
-1657.396825396826
-1668.396825396826
-1603.7301587301595
-1614.7301587301595
-1592.158730158731
-1603.158730158731
-1614.158730158731
-1549.4920634920645
-1560.4920634920645
-1571.4920634920645
-1582.4920634920645
-1593.4920634920645
-1604.4920634920645
-1615.4920634920645
-1626.4920634920645
-1637.4920634920645
-1648.4920634920645
-1659.4920634920645
-1670.4920634920645
-1681.4920634920645
-1692.4920634920645
-1703.4920634920645
-1714.4920634920645
-1725.4920634920645
-1736.4920634920645
-1747.4920634920645
-1758.4920634920645
-1769.4920634920645
-1780.4920634920645
-1791.4920634920645
-1802.4920634920645
-1813.4920634920645
-1824.4920634920645
-1835.4920634920645
-1846.4920634920645
-1857.4920634920645
-1868.4920634920645
-1840.158730158731
-1851.158730158731
-1862.158730158731
-1826.158730158731
-1837.158730158731
-1848.158730158731
-1859.158730158731
-1870.158730158731
-1881.158730158731
-1892.158730158731
-1903.158730158731
-1914.158730158731
-1925.158730158731
-1936.158730158731
-1925.158730158731
-1936.158730158731
-1947.158730158731
-1958.158730158731
-1969.158730158731
-1980.158730158731
-1991.158730158731
-2002.158730158731
-2013.158730158731
-2024.158730158731
-1988.158730158731
-1977.158730158731
-1988.158730158731
-1999.158730158731
-2010.158730158731
-2021.158730158731
-2032.158730158731
-2043.158730158731
-2054.158730158731
-2065.158730158731
-2076.158730158731
-2087.158730158731
-2098.158730158731
-2109.158730158731
-2120.158730158731
-2131.158730158731
-2142.158730158731
-2153.158730158731
-2164.158730158731
-2149.9365079365084
-2160.9365079365084
-2146.714285714286
-2157.714285714286
-2168.714285714286
-2179.714285714286
-2143.714285714286
-2154.714285714286
-2165.714285714286
-2176.714285714286
-2187.714285714286
-2198.714285714286
-2209.714285714286
-2220.714285714286
-2231.714285714286
-2242.714285714286
-2253.714285714286
-2264.714285714286
-2275.714285714286
-2286.714285714286
-2275.714285714286
-2176.714285714286
-2187.714285714286
-2198.714285714286
-2209.714285714286
-2220.714285714286
-2231.714285714286
-2242.714285714286
-2253.714285714286
-2264.714285714286
-2246.714285714286
-2257.714285714286
-2268.714285714286
-2232.714285714286
-2210.1428571428573
-2221.1428571428573
-2232.1428571428573
-2243.1428571428573
-2254.1428571428573
-2265.1428571428573
-2276.1428571428573
-2287.1428571428573
-2298.1428571428573
-2309.1428571428573
-2320.1428571428573
-2331.1428571428573
-2342.1428571428573
-2353.1428571428573
-2364.1428571428573
-2375.1428571428573
-2386.1428571428573
-2397.1428571428573
-2408.1428571428573
-2419.1428571428573
-2430.1428571428573
-2441.1428571428573
-2452.1428571428573
-2463.1428571428573
-2474.1428571428573
-2459.9206349206347
-2412.9206349206347
-2423.9206349206347
-2434.9206349206347
-2445.9206349206347
-2456.9206349206347
-2467.9206349206347
-2478.9206349206347
-2489.9206349206347
-2500.9206349206347
-2511.9206349206347
-2522.9206349206347
-2533.9206349206347
-2519.698412698412
-2530.698412698412
-2541.698412698412
-2505.698412698412
-2516.698412698412
-2527.698412698412
-2538.698412698412
-2549.698412698412
-2560.698412698412
-2571.698412698412
-2582.698412698412
-2593.698412698412
-2604.698412698412
-2615.698412698412
-2516.698412698412
-2527.698412698412
-2538.698412698412
-2549.698412698412
-2560.698412698412
-2571.698412698412
-2582.698412698412
-2593.698412698412
-2604.698412698412
-2615.698412698412
-2587.365079365079
-2598.365079365079
-2609.365079365079
-2620.365079365079
-2631.365079365079
-2642.365079365079
-2653.365079365079
-2554.365079365079
-2565.365079365079
-2537.031746031746
-2548.031746031746
-2559.031746031746
-2570.031746031746
-2581.031746031746
-2592.031746031746
-2603.031746031746
-2614.031746031746
-2625.031746031746
-2636.031746031746
-2647.031746031746
-2658.031746031746
-2635.4603174603176
-2646.4603174603176
-2657.4603174603176
-2668.4603174603176
-2679.4603174603176
-2690.4603174603176
-2701.4603174603176
-2712.4603174603176
-2723.4603174603176
-2624.4603174603176
-2601.888888888889
-2612.888888888889
-2623.888888888889
-2634.888888888889
-2645.888888888889
-2656.888888888889
-2667.888888888889
-2678.888888888889
-2689.888888888889
-2700.888888888889
-2711.888888888889
-2722.888888888889
-2733.888888888889
-2744.888888888889
-2755.888888888889
-2766.888888888889
-2777.888888888889
-2759.888888888889
-2748.888888888889
-2759.888888888889
-2770.888888888889
-2781.888888888889
-2792.888888888889
-2803.888888888889
-2814.888888888889
-2825.888888888889
-2836.888888888889
-2847.888888888889
-2858.888888888889
-2869.888888888889
-2880.888888888889
-2862.888888888889
-2873.888888888889
-2884.888888888889
-2895.888888888889
-2906.888888888889
-2917.888888888889
-2928.888888888889
-2939.888888888889
-2950.888888888889
-2961.888888888889
-2972.888888888889
-2983.888888888889
-2994.888888888889
-3005.888888888889
-3016.888888888889
-3027.888888888889
-3038.888888888889
-3049.888888888889
-3060.888888888889
-3071.888888888889
-3082.888888888889
-3093.888888888889
-3104.888888888889
-3115.888888888889
-3126.888888888889
-3137.888888888889
-3148.888888888889
-3112.888888888889
-3123.888888888889
-3087.888888888889
-3098.888888888889
-3109.888888888889
-3120.888888888889
-3131.888888888889
-3142.888888888889
-3153.888888888889
-3164.888888888889
-3128.888888888889
-3139.888888888889
-3150.888888888889
-3161.888888888889
-3172.888888888889
-3183.888888888889
-3194.888888888889
-3205.888888888889
-3216.888888888889
-3180.888888888889
-3191.888888888889
-3202.888888888889
-3191.888888888889
-3202.888888888889
-3213.888888888889
-3224.888888888889
-3235.888888888889
-3246.888888888889
-3257.888888888889
-3268.888888888889
-3279.888888888889
-3290.888888888889
-3301.888888888889
-3312.888888888889
-3323.888888888889
-3334.888888888889
-3345.888888888889
-3323.3174603174607
-3334.3174603174607
-3345.3174603174607
-3356.3174603174607
-3367.3174603174607
-3378.3174603174607
-3389.3174603174607
-3400.3174603174607
-3411.3174603174607
-3422.3174603174607
-3433.3174603174607
-3444.3174603174607
-3455.3174603174607
-3466.3174603174607
-3477.3174603174607
-3488.3174603174607
-3499.3174603174607
-3510.3174603174607
-3521.3174603174607
-3474.3174603174607
-3485.3174603174607
-3420.6507936507937
-3431.6507936507937
-3442.6507936507937
-3453.6507936507937
-3464.6507936507937
-3475.6507936507937
-3486.6507936507937
-3497.6507936507937
-3508.6507936507937
-3519.6507936507937
-3497.0793650793653
-3508.0793650793653
-3519.0793650793653
-3530.0793650793653
-3541.0793650793653
-3552.0793650793653
-3563.0793650793653
-3574.0793650793653
-3585.0793650793653
-3596.0793650793653
-3607.0793650793653
-3618.0793650793653
-3629.0793650793653
-3640.0793650793653
-3651.0793650793653
-3662.0793650793653
-3673.0793650793653
-3684.0793650793653
-3695.0793650793653
-3706.0793650793653
-3717.0793650793653
-3728.0793650793653
-3739.0793650793653
-3750.0793650793653
-3761.0793650793653
-3772.0793650793653
-3783.0793650793653
-3794.0793650793653
-3805.0793650793653
-3816.0793650793653
-3827.0793650793653
-3838.0793650793653
-3849.0793650793653
-3860.0793650793653
-3871.0793650793653
-3882.0793650793653
-3893.0793650793653
-3904.0793650793653
-3915.0793650793653
-3816.0793650793653
-3827.0793650793653
-3838.0793650793653
-3827.0793650793653
-3816.0793650793653
-3827.0793650793653
-3838.0793650793653
-3849.0793650793653
-3860.0793650793653
-3871.0793650793653
-3882.0793650793653
-3893.0793650793653
-3904.0793650793653
-3915.0793650793653
-3926.0793650793653
-3937.0793650793653
-3948.0793650793653
-3959.0793650793653
-3970.0793650793653
-3981.0793650793653
-3992.0793650793653
-4003.0793650793653
-4014.0793650793653
-4025.0793650793653
-4036.0793650793653
-4047.0793650793653
-4058.0793650793653
-4069.0793650793653
-4080.0793650793653
-4033.0793650793653
-4044.0793650793653
-4055.0793650793653
-4066.0793650793653
-4077.0793650793653
-4088.0793650793653
-4099.079365079366
-4110.079365079366
-4121.079365079366
-4132.079365079366
-4143.079365079366
-4154.079365079366
-4165.079365079366
-4176.079365079366
-4187.079365079366
-4198.079365079366
-4209.079365079366
-4220.079365079366
-4231.079365079366
-4242.079365079366
-4253.079365079366
-4264.079365079366
-4275.079365079366
-4286.079365079366
-4297.079365079366
-4308.079365079366
-4319.079365079366
-4330.079365079366
-4341.079365079366
-4352.079365079366
-4363.079365079366
-4374.079365079366
-4275.079365079366
-4286.079365079366
-4297.079365079366
-4308.079365079366
-4319.079365079366
