-11
-22
-33
-44
-21.42857142857143
25.57142857142857
124.57142857142857
223.57142857142856
212.57142857142856
201.57142857142856
190.57142857142856
179.57142857142856
244.23809523809524
233.23809523809524
222.23809523809524
211.23809523809524
200.23809523809524
228.57142857142856
217.57142857142856
206.57142857142856
234.90476190476187
223.90476190476187
212.90476190476187
201.90476190476187
237.90476190476187
266.2380952380952
255.23809523809518
244.23809523809518
272.5714285714285
261.5714285714285
250.5714285714285
239.5714285714285
228.5714285714285
256.9047619047618
245.9047619047618
234.9047619047618
223.9047619047618
212.9047619047618
201.9047619047618
248.9047619047618
313.57142857142844
302.57142857142844
291.57142857142844
280.57142857142844
269.57142857142844
334.23809523809507
323.23809523809507
312.23809523809507
301.23809523809507
400.23809523809507
389.23809523809507
378.23809523809507
367.23809523809507
356.23809523809507
345.23809523809507
444.23809523809507
433.23809523809507
422.23809523809507
411.23809523809507
400.23809523809507
389.23809523809507
378.23809523809507
367.23809523809507
356.23809523809507
345.23809523809507
334.23809523809507
323.23809523809507
312.23809523809507
301.23809523809507
290.23809523809507
279.23809523809507
268.23809523809507
257.23809523809507
304.23809523809507
293.23809523809507
282.23809523809507
271.23809523809507
260.23809523809507
274.46031746031724
263.46031746031724
252.46031746031724
241.46031746031724
230.46031746031724
277.46031746031724
266.46031746031724
255.46031746031724
244.46031746031724
233.46031746031724
298.12698412698387
287.12698412698387
276.12698412698387
265.12698412698387
254.12698412698387
243.12698412698387
232.12698412698387
221.12698412698387
210.12698412698387
199.12698412698387
246.12698412698387
310.7936507936505
299.7936507936505
288.7936507936505
299.7936507936505
288.7936507936505
277.7936507936505
266.7936507936505
255.7936507936505
244.7936507936505
233.7936507936505
332.7936507936505
321.7936507936505
310.7936507936505
299.7936507936505
288.7936507936505
277.7936507936505
266.7936507936505
365.7936507936505
354.7936507936505
343.7936507936505
332.7936507936505
321.7936507936505
310.7936507936505
299.7936507936505
398.7936507936505
387.7936507936505
376.7936507936505
365.7936507936505
354.7936507936505
343.7936507936505
332.7936507936505
321.7936507936505
310.7936507936505
299.7936507936505
288.7936507936505
277.7936507936505
266.7936507936505
255.7936507936505
244.7936507936505
233.7936507936505
222.7936507936505
287.4603174603172
276.4603174603172
265.4603174603172
254.46031746031719
243.46031746031719
266.03174603174574
255.03174603174574
244.03174603174574
233.03174603174574
332.03174603174574
321.03174603174574
310.03174603174574
299.03174603174574
288.03174603174574
277.03174603174574
266.03174603174574
255.03174603174574
244.03174603174574
233.03174603174574
222.03174603174574
211.03174603174574
239.36507936507905
228.36507936507905
250.9365079365076
297.9365079365076
396.9365079365076
385.9365079365076
374.9365079365076
363.9365079365076
352.9365079365076
341.9365079365076
330.9365079365076
377.9365079365076
366.9365079365076
355.9365079365076
344.9365079365076
333.9365079365076
398.60317460317424
387.60317460317424
486.60317460317424
475.60317460317424
464.60317460317424
563.6031746031742
552.6031746031742
541.6031746031742
530.6031746031742
519.6031746031742
508.60317460317424
607.6031746031742
596.6031746031742
585.6031746031742
574.6031746031742
673.6031746031742
662.6031746031742
651.6031746031742
640.6031746031742
629.6031746031742
618.6031746031742
607.6031746031742
596.6031746031742
585.6031746031742
574.6031746031742
563.6031746031742
552.6031746031742
541.6031746031742
530.6031746031742
519.6031746031742
547.9365079365075
536.9365079365075
525.9365079365075
514.9365079365075
525.9365079365075
514.9365079365075
503.9365079365075
492.9365079365075
481.9365079365075
580.9365079365075
569.9365079365075
558.9365079365075
547.9365079365075
583.9365079365075
572.9365079365075
561.9365079365075
550.9365079365075
539.9365079365075
638.9365079365075
627.9365079365075
616.9365079365075
605.9365079365075
594.9365079365075
693.9365079365075
682.9365079365075
671.9365079365075
660.9365079365075
649.9365079365075
638.9365079365075
627.9365079365075
616.9365079365075
681.6031746031742
670.6031746031742
659.6031746031742
648.6031746031742
637.6031746031742
626.6031746031742
615.6031746031742
604.6031746031742
593.6031746031742
582.6031746031742
571.6031746031742
560.6031746031742
549.6031746031742
538.6031746031742
527.6031746031742
516.6031746031742
505.60317460317424
494.60317460317424
483.60317460317424
472.60317460317424
461.60317460317424
450.60317460317424
439.60317460317424
428.60317460317424
417.60317460317424
440.1746031746028
429.1746031746028
418.1746031746028
407.1746031746028
396.1746031746028
385.1746031746028
421.1746031746028
410.1746031746028
399.1746031746028
388.1746031746028
377.1746031746028
366.1746031746028
355.1746031746028
344.1746031746028
333.1746031746028
380.1746031746028
369.1746031746028
358.1746031746028
347.1746031746028
336.1746031746028
325.1746031746028
314.1746031746028
303.1746031746028
331.50793650793617
320.50793650793617
309.50793650793617
327.50793650793617
316.50793650793617
305.50793650793617
323.50793650793617
312.50793650793617
301.50793650793617
290.50793650793617
389.50793650793617
378.50793650793617
367.50793650793617
356.50793650793617
345.50793650793617
334.50793650793617
323.50793650793617
370.50793650793617
359.50793650793617
348.50793650793617
337.50793650793617
326.50793650793617
315.50793650793617
304.50793650793617
293.50793650793617
282.50793650793617
271.50793650793617
260.50793650793617
249.50793650793617
238.50793650793617
227.50793650793617
216.50793650793617
205.50793650793617
194.50793650793617
230.50793650793617
219.50793650793617
208.50793650793617
197.50793650793617
186.50793650793617
233.50793650793617
222.50793650793617
211.50793650793617
200.50793650793617
299.50793650793617
288.50793650793617
277.50793650793617
266.50793650793617
331.1746031746028
320.1746031746028
309.1746031746028
298.1746031746028
362.8412698412694
461.8412698412694
450.8412698412694
439.8412698412694
428.8412698412694
417.8412698412694
406.8412698412694
395.8412698412694
384.8412698412694
373.8412698412694
362.8412698412694
351.8412698412694
380.1746031746028
369.1746031746028
358.1746031746028
457.1746031746028
446.1746031746028
468.74603174603135
457.74603174603135
446.74603174603135
435.74603174603135
424.74603174603135
413.74603174603135
402.74603174603135
391.74603174603135
380.74603174603135
369.74603174603135
434.412698412698
533.412698412698
522.412698412698
533.412698412698
522.412698412698
511.412698412698
500.412698412698
599.412698412698
588.412698412698
687.412698412698
676.412698412698
665.412698412698
654.412698412698
643.412698412698
632.412698412698
621.412698412698
686.0793650793647
675.0793650793647
664.0793650793647
653.0793650793647
642.0793650793647
631.0793650793647
620.0793650793647
609.0793650793647
598.0793650793647
587.0793650793647
623.0793650793647
722.0793650793647
711.0793650793647
700.0793650793647
689.0793650793647
678.0793650793647
667.0793650793647
656.0793650793647
645.0793650793647
634.0793650793647
733.0793650793647
722.0793650793647
711.0793650793647
700.0793650793647
689.0793650793647
678.0793650793647
667.0793650793647
656.0793650793647
645.0793650793647
634.0793650793647
681.0793650793647
670.0793650793647
659.0793650793647
648.0793650793647
637.0793650793647
665.412698412698
654.412698412698
643.412698412698
742.412698412698
731.412698412698
720.412698412698
709.412698412698
698.412698412698
687.412698412698
676.412698412698
665.412698412698
654.412698412698
643.412698412698
632.412698412698
621.412698412698
610.412698412698
599.412698412698
588.412698412698
577.412698412698
566.412698412698
555.412698412698
544.412698412698
533.412698412698
522.412698412698
558.412698412698
547.412698412698
536.412698412698
550.6349206349201
539.6349206349201
638.6349206349201
627.6349206349201
645.6349206349201
634.6349206349201
623.6349206349201
612.6349206349201
601.6349206349201
590.6349206349201
579.6349206349201
568.6349206349201
557.6349206349201
546.6349206349201
569.2063492063488
558.2063492063488
547.2063492063488
536.2063492063488
525.2063492063488
553.5396825396821
542.5396825396821
531.5396825396821
520.5396825396821
619.5396825396821
608.5396825396821
597.5396825396821
586.5396825396821
575.5396825396821
564.5396825396821
663.5396825396821
652.5396825396821
641.5396825396821
630.5396825396821
619.5396825396821
608.5396825396821
597.5396825396821
662.2063492063488
651.2063492063488
640.2063492063488
629.2063492063488
618.2063492063488
607.2063492063488
596.2063492063488
585.2063492063488
574.2063492063488
563.2063492063488
552.2063492063488
541.2063492063488
569.5396825396821
558.5396825396821
547.5396825396821
558.5396825396821
547.5396825396821
536.5396825396821
525.5396825396821
514.5396825396821
503.5396825396821
550.5396825396821
539.5396825396821
550.5396825396821
539.5396825396821
528.5396825396821
517.5396825396821
506.5396825396821
495.5396825396821
484.5396825396821
473.5396825396821
572.5396825396821
561.5396825396821
550.5396825396821
568.5396825396821
557.5396825396821
546.5396825396821
535.5396825396821
524.5396825396821
513.5396825396821
502.5396825396821
538.5396825396821
527.5396825396821
516.5396825396821
505.5396825396821
494.5396825396821
483.5396825396821
472.5396825396821
461.5396825396821
450.5396825396821
439.5396825396821
428.5396825396821
417.5396825396821
406.5396825396821
395.5396825396821
384.5396825396821
373.5396825396821
362.5396825396821
351.5396825396821
340.5396825396821
439.5396825396821
486.5396825396821
475.5396825396821
464.5396825396821
453.5396825396821
481.87301587301545
470.87301587301545
459.87301587301545
495.87301587301545
484.87301587301545
473.87301587301545
462.87301587301545
561.8730158730154
550.8730158730154
539.8730158730154
638.8730158730154
627.8730158730154
616.8730158730154
605.8730158730154
594.8730158730154
583.8730158730154
572.8730158730154
561.8730158730154
550.8730158730154
539.8730158730154
528.8730158730154
517.8730158730154
582.5396825396822
681.5396825396822
670.5396825396822
659.5396825396822
648.5396825396822
637.5396825396822
736.5396825396822
725.5396825396822
714.5396825396822
703.5396825396822
692.5396825396822
791.5396825396822
780.5396825396822
769.5396825396822
758.5396825396822
747.5396825396822
736.5396825396822
725.5396825396822
714.5396825396822
703.5396825396822
692.5396825396822
681.5396825396822
670.5396825396822
659.5396825396822
695.5396825396822
684.5396825396822
673.5396825396822
662.5396825396822
651.5396825396822
679.8730158730154
668.8730158730154
657.8730158730154
646.8730158730154
635.8730158730154
700.5396825396822
799.5396825396822
898.5396825396822
963.2063492063489
952.2063492063489
941.2063492063489
930.2063492063489
919.2063492063489
908.2063492063489
897.2063492063489
944.2063492063489
933.2063492063489
922.2063492063489
944.7777777777776
933.7777777777776
922.7777777777776
911.7777777777776
958.7777777777776
1057.7777777777776
1086.111111111111
1185.111111111111
1174.111111111111
1163.111111111111
1152.111111111111
1141.111111111111
1130.111111111111
1119.111111111111
1133.3333333333333
1122.3333333333333
1221.3333333333333
1210.3333333333333
1199.3333333333333
1188.3333333333333
1287.3333333333333
1276.3333333333333
1265.3333333333333
1312.3333333333333
1301.3333333333333
1290.3333333333333
1312.9047619047617
1301.9047619047617
1290.9047619047617
1326.9047619047617
1315.9047619047617
1304.9047619047617
1293.9047619047617
1282.9047619047617
1271.9047619047617
1336.5714285714282
1325.5714285714282
1314.5714285714282
1303.5714285714282
1292.5714285714282
1391.5714285714282
1380.5714285714282
1369.5714285714282
1358.5714285714282
1347.5714285714282
1336.5714285714282
1325.5714285714282
1314.5714285714282
1303.5714285714282
1402.5714285714282
1501.5714285714282
1490.5714285714282
1479.5714285714282
1468.5714285714282
1457.5714285714282
1446.5714285714282
1435.5714285714282
1424.5714285714282
1413.5714285714282
1402.5714285714282
1391.5714285714282
1490.5714285714282
1479.5714285714282
1468.5714285714282
1457.5714285714282
1446.5714285714282
1435.5714285714282
1424.5714285714282
1413.5714285714282
1402.5714285714282
1391.5714285714282
1380.5714285714282
1369.5714285714282
1358.5714285714282
1347.5714285714282
1336.5714285714282
1325.5714285714282
1424.5714285714282
1413.5714285714282
1402.5714285714282
1391.5714285714282
1380.5714285714282
1369.5714285714282
1358.5714285714282
1347.5714285714282
1336.5714285714282
1325.5714285714282
1314.5714285714282
1303.5714285714282
1402.5714285714282
1425.1428571428567
1414.1428571428567
1403.1428571428567
1425.714285714285
1414.714285714285
1403.714285714285
1392.714285714285
1381.714285714285
1370.714285714285
1359.714285714285
1373.9365079365073
1362.9365079365073
1461.9365079365073
1450.9365079365073
1439.9365079365073
1428.9365079365073
1417.9365079365073
1406.9365079365073
1395.9365079365073
1384.9365079365073
1373.9365079365073
1362.9365079365073
1351.9365079365073
1450.9365079365073
1439.9365079365073
1428.9365079365073
1417.9365079365073
1446.2698412698408
1435.2698412698408
1424.2698412698408
1413.2698412698408
1402.2698412698408
1391.2698412698408
1490.2698412698408
1479.2698412698408
1468.2698412698408
