-11
-22
-33
-4.666666666666664
-15.666666666666664
-26.666666666666664
-37.666666666666664
-48.666666666666664
-59.666666666666664
-70.66666666666666
-81.66666666666666
-92.66666666666666
-103.66666666666666
-114.66666666666666
-100.44444444444443
-111.44444444444443
-122.44444444444443
-133.44444444444443
-144.44444444444443
-155.44444444444443
-166.44444444444443
-177.44444444444443
-188.44444444444443
-199.44444444444443
-210.44444444444443
-221.44444444444443
-232.44444444444443
-243.44444444444443
-254.44444444444443
-265.44444444444446
-276.44444444444446
-262.2222222222223
-273.2222222222223
-284.2222222222223
-295.2222222222223
-306.2222222222223
-317.2222222222223
-328.2222222222223
-339.2222222222223
-240.22222222222229
-251.22222222222229
-262.2222222222223
-273.2222222222223
-284.2222222222223
-295.2222222222223
-306.2222222222223
-317.2222222222223
-328.2222222222223
-339.2222222222223
-350.2222222222223
-361.2222222222223
-372.2222222222223
-383.2222222222223
-394.2222222222223
-405.2222222222223
-416.2222222222223
-351.55555555555566
-362.55555555555566
-373.55555555555566
-308.888888888889
-319.888888888889
-330.888888888889
-341.888888888889
-352.888888888889
-363.888888888889
-374.888888888889
-385.888888888889
-396.888888888889
-407.888888888889
-418.888888888889
-429.888888888889
-440.888888888889
-451.888888888889
-462.888888888889
-473.888888888889
-484.888888888889
-437.888888888889
-448.888888888889
-349.888888888889
-360.888888888889
-371.888888888889
-382.888888888889
-393.888888888889
-404.888888888889
-415.888888888889
-426.888888888889
-437.888888888889
-448.888888888889
-459.888888888889
-470.888888888889
-481.888888888889
-492.888888888889
-503.888888888889
-514.888888888889
-525.888888888889
-536.888888888889
-489.888888888889
-500.888888888889
-511.888888888889
-522.888888888889
-533.888888888889
-544.888888888889
-555.888888888889
-566.888888888889
-577.888888888889
-588.888888888889
-599.888888888889
-610.888888888889
-621.888888888889
-632.888888888889
-643.888888888889
-654.888888888889
-626.5555555555558
-637.5555555555558
-648.5555555555558
-634.3333333333336
-645.3333333333336
-656.3333333333336
-667.3333333333336
-678.3333333333336
-689.3333333333336
-700.3333333333336
-677.7619047619049
-688.7619047619049
-699.7619047619049
-710.7619047619049
-721.7619047619049
-732.7619047619049
-743.7619047619049
-754.7619047619049
-765.7619047619049
-776.7619047619049
-729.7619047619049
-715.5396825396828
-726.5396825396828
-737.5396825396828
-748.5396825396828
-759.5396825396828
-770.5396825396828
-781.5396825396828
-792.5396825396828
-803.5396825396828
-738.873015873016
-720.873015873016
-731.873015873016
-742.873015873016
-753.873015873016
-764.873015873016
-775.873015873016
-786.873015873016
-797.873015873016
-808.873015873016
-819.873015873016
-830.873015873016
-841.873015873016
-852.873015873016
-863.873015873016
-874.873015873016
-885.873015873016
-786.873015873016
-797.873015873016
-808.873015873016
-819.873015873016
-830.873015873016
-841.873015873016
-852.873015873016
-863.873015873016
-874.873015873016
-885.873015873016
-896.873015873016
-907.873015873016
-918.873015873016
-929.873015873016
-940.873015873016
-951.873015873016
-937.6507936507938
-948.6507936507938
-959.6507936507938
-970.6507936507938
-981.6507936507938
-992.6507936507938
-893.6507936507938
-904.6507936507938
-915.6507936507938
-926.6507936507938
-937.6507936507938
-915.0793650793652
-926.0793650793652
-937.0793650793652
-948.0793650793652
-959.0793650793652
-970.0793650793652
-981.0793650793652
-992.0793650793652
-1003.0793650793652
-1014.0793650793652
-1025.0793650793653
-1036.0793650793653
-1047.0793650793653
-1058.0793650793653
-1069.0793650793653
-1080.0793650793653
-1091.0793650793653
-1044.0793650793653
-1055.0793650793653
-1066.0793650793653
-1077.0793650793653
-1088.0793650793653
-1099.0793650793653
-1110.0793650793653
-1121.0793650793653
-1132.0793650793653
-1143.0793650793653
-1154.0793650793653
-1165.0793650793653
-1176.0793650793653
-1187.0793650793653
-1198.0793650793653
-1209.0793650793653
-1220.0793650793653
-1231.0793650793653
-1242.0793650793653
-1253.0793650793653
-1264.0793650793653
-1275.0793650793653
-1286.0793650793653
-1297.0793650793653
-1308.0793650793653
-1319.0793650793653
-1330.0793650793653
-1341.0793650793653
-1352.0793650793653
-1363.0793650793653
-1374.0793650793653
-1385.0793650793653
-1396.0793650793653
-1407.0793650793653
-1418.0793650793653
-1429.0793650793653
-1440.0793650793653
-1451.0793650793653
-1462.0793650793653
-1415.0793650793653
-1426.0793650793653
-1437.0793650793653
-1448.0793650793653
-1459.0793650793653
-1470.0793650793653
-1481.0793650793653
-1492.0793650793653
-1503.0793650793653
-1514.0793650793653
-1525.0793650793653
-1536.0793650793653
-1547.0793650793653
-1448.0793650793653
-1459.0793650793653
-1470.0793650793653
-1452.0793650793653
-1463.0793650793653
-1474.0793650793653
-1485.0793650793653
-1496.0793650793653
-1507.0793650793653
-1518.0793650793653
-1529.0793650793653
-1540.0793650793653
-1551.0793650793653
-1562.0793650793653
-1573.0793650793653
-1584.0793650793653
-1595.0793650793653
-1606.0793650793653
-1617.0793650793653
-1628.0793650793653
-1639.0793650793653
-1650.0793650793653
-1661.0793650793653
-1672.0793650793653
-1683.0793650793653
-1694.0793650793653
-1705.0793650793653
-1716.0793650793653
-1727.0793650793653
-1738.0793650793653
-1749.0793650793653
-1760.0793650793653
-1771.0793650793653
-1782.0793650793653
-1683.0793650793653
-1694.0793650793653
-1595.0793650793653
-1548.0793650793653
-1559.0793650793653
-1570.0793650793653
-1581.0793650793653
-1592.0793650793653
-1577.8571428571431
-1588.8571428571431
-1599.8571428571431
-1610.8571428571431
-1621.8571428571431
-1557.1904761904766
-1521.1904761904766
-1532.1904761904766
-1543.1904761904766
-1554.1904761904766
-1565.1904761904766
-1529.1904761904766
-1540.1904761904766
-1551.1904761904766
-1536.9682539682544
-1547.9682539682544
-1558.9682539682544
-1544.7460317460323
-1555.7460317460323
-1566.7460317460323
-1577.7460317460323
-1588.7460317460323
-1577.7460317460323
-1559.7460317460323
-1570.7460317460323
-1581.7460317460323
-1592.7460317460323
-1603.7460317460323
-1614.7460317460323
-1625.7460317460323
-1636.7460317460323
-1647.7460317460323
-1658.7460317460323
-1669.7460317460323
-1680.7460317460323
-1691.7460317460323
-1702.7460317460323
-1638.0793650793657
-1649.0793650793657
-1660.0793650793657
-1671.0793650793657
-1682.0793650793657
-1667.8571428571436
-1649.8571428571436
-1660.8571428571436
-1671.8571428571436
-1682.8571428571436
-1693.8571428571436
-1704.8571428571436
-1715.8571428571436
-1726.8571428571436
-1737.8571428571436
-1748.8571428571436
-1759.8571428571436
-1770.8571428571436
-1781.8571428571436
-1792.8571428571436
-1803.8571428571436
-1814.8571428571436
-1825.8571428571436
-1836.8571428571436
-1847.8571428571436
-1858.8571428571436
-1869.8571428571436
-1855.6349206349214
-1866.6349206349214
-1877.6349206349214
-1888.6349206349214
-1899.6349206349214
-1910.6349206349214
-1921.6349206349214
-1932.6349206349214
-1943.6349206349214
-1954.6349206349214
-1965.6349206349214
-1976.6349206349214
-1987.6349206349214
-1998.6349206349214
-2009.6349206349214
-2020.6349206349214
-2031.6349206349214
-2042.6349206349214
-2053.6349206349214
-2064.6349206349214
-2075.6349206349214
-2086.6349206349214
-2097.6349206349214
-2108.6349206349214
-2119.6349206349214
-2130.6349206349214
-2141.6349206349214
-2152.6349206349214
-2163.6349206349214
-2174.6349206349214
-2185.6349206349214
-2196.6349206349214
-2207.6349206349214
-2218.6349206349214
-2229.6349206349214
-2240.6349206349214
-2218.063492063493
-2229.063492063493
-2240.063492063493
-2251.063492063493
-2240.063492063493
-2251.063492063493
-2262.063492063493
-2273.063492063493
-2244.73015873016
-2255.73015873016
-2266.73015873016
-2167.73015873016
-2178.73015873016
-2189.73015873016
-2200.73015873016
-2211.73015873016
-2222.73015873016
-2233.73015873016
-2244.73015873016
-2255.73015873016
-2266.73015873016
-2277.73015873016
-2288.73015873016
-2299.73015873016
-2310.73015873016
-2321.73015873016
-2332.73015873016
-2343.73015873016
-2354.73015873016
-2365.73015873016
-2376.73015873016
-2387.73015873016
-2398.73015873016
-2409.73015873016
-2420.73015873016
-2431.73015873016
-2442.73015873016
-2453.73015873016
-2464.73015873016
-2475.73015873016
-2486.73015873016
-2497.73015873016
-2433.063492063493
-2410.4920634920645
-2421.4920634920645
-2432.4920634920645
-2443.4920634920645
-2454.4920634920645
-2465.4920634920645
-2476.4920634920645
-2487.4920634920645
-2498.4920634920645
-2509.4920634920645
-2520.4920634920645
-2531.4920634920645
-2484.4920634920645
-2495.4920634920645
-2506.4920634920645
-2517.4920634920645
-2528.4920634920645
-2539.4920634920645
-2550.4920634920645
-2561.4920634920645
-2572.4920634920645
-2583.4920634920645
-2555.1587301587315
-2566.1587301587315
-2555.1587301587315
-2566.1587301587315
-2577.1587301587315
-2588.1587301587315
-2599.1587301587315
-2610.1587301587315
-2621.1587301587315
-2632.1587301587315
-2643.1587301587315
-2654.1587301587315
-2665.1587301587315
-2676.1587301587315
-2687.1587301587315
-2698.1587301587315
-2709.1587301587315
-2720.1587301587315
-2731.1587301587315
-2695.1587301587315
-2706.1587301587315
-2641.4920634920645
-2652.4920634920645
-2663.4920634920645
-2674.4920634920645
-2685.4920634920645
-2696.4920634920645
-2707.4920634920645
-2718.4920634920645
-2729.4920634920645
-2740.4920634920645
-2751.4920634920645
-2762.4920634920645
-2773.4920634920645
-2784.4920634920645
-2795.4920634920645
-2806.4920634920645
-2817.4920634920645
-2828.4920634920645
-2839.4920634920645
-2850.4920634920645
-2861.4920634920645
-2872.4920634920645
-2883.4920634920645
-2894.4920634920645
-2905.4920634920645
-2916.4920634920645
-2927.4920634920645
-2938.4920634920645
-2949.4920634920645
-2960.4920634920645
-2971.4920634920645
-2982.4920634920645
-2993.4920634920645
-3004.4920634920645
-3015.4920634920645
-3026.4920634920645
-3037.4920634920645
-2938.4920634920645
-2949.4920634920645
-2960.4920634920645
-2971.4920634920645
-2982.4920634920645
-2993.4920634920645
-3004.4920634920645
-3015.4920634920645
-3026.4920634920645
-3037.4920634920645
-3048.4920634920645
-3059.4920634920645
-3070.4920634920645
-3081.4920634920645
-3092.4920634920645
-3103.4920634920645
-3114.4920634920645
-3078.4920634920645
-3089.4920634920645
-3100.4920634920645
-3111.4920634920645
-3122.4920634920645
-3133.4920634920645
-3144.4920634920645
-3155.4920634920645
-3166.4920634920645
-3177.4920634920645
-3188.4920634920645
-3199.4920634920645
-3210.4920634920645
-3221.4920634920645
-3232.4920634920645
-3243.4920634920645
-3254.4920634920645
-3265.4920634920645
-3276.4920634920645
-3287.4920634920645
-3298.4920634920645
-3309.4920634920645
-3320.4920634920645
-3331.4920634920645
-3342.4920634920645
-3353.4920634920645
-3364.4920634920645
-3375.4920634920645
-3386.4920634920645
-3397.4920634920645
-3408.4920634920645
-3419.4920634920645
-3430.4920634920645
-3441.4920634920645
-3452.4920634920645
-3463.4920634920645
-3474.4920634920645
-3485.4920634920645
-3496.4920634920645
-3507.4920634920645
-3518.4920634920645
-3419.4920634920645
-3430.4920634920645
-3441.4920634920645
-3452.4920634920645
-3463.4920634920645
-3474.4920634920645
-3485.4920634920645
-3496.4920634920645
-3507.4920634920645
-3518.4920634920645
-3453.8253968253975
-3464.8253968253975
-3475.8253968253975
-3486.8253968253975
-3458.4920634920645
-3469.4920634920645
-3480.4920634920645
-3415.8253968253975
-3426.8253968253975
-3398.4920634920645
-3409.4920634920645
-3386.920634920636
-3397.920634920636
-3408.920634920636
-3419.920634920636
-3430.920634920636
-3441.920634920636
-3452.920634920636
-3463.920634920636
-3474.920634920636
-3446.587301587303
-3457.587301587303
-3435.0158730158746
-3417.0158730158746
-3428.0158730158746
-3413.793650793652
-3424.793650793652
-3377.793650793652
-3388.793650793652
-3377.793650793652
-3388.793650793652
-3289.793650793652
-3261.460317460319
-3272.460317460319
-3283.460317460319
-3294.460317460319
-3305.460317460319
-3316.460317460319
-3327.460317460319
-3338.460317460319
-3349.460317460319
-3360.460317460319
-3371.460317460319
-3382.460317460319
-3283.460317460319
-3236.460317460319
-3247.460317460319
-3258.460317460319
-3269.460317460319
-3280.460317460319
-3291.460317460319
-3302.460317460319
-3203.460317460319
-3214.460317460319
-3225.460317460319
-3236.460317460319
-3247.460317460319
-3258.460317460319
-3269.460317460319
-3280.460317460319
-3291.460317460319
-3302.460317460319
-3291.460317460319
-3302.460317460319
-3313.460317460319
-3324.460317460319
-3335.460317460319
-3346.460317460319
-3357.460317460319
-3368.460317460319
-3269.460317460319
-3280.460317460319
-3291.460317460319
-3273.460317460319
-3284.460317460319
-3295.460317460319
-3306.460317460319
-3317.460317460319
-3328.460317460319
-3339.460317460319
-3350.460317460319
-3361.460317460319
-3372.460317460319
-3383.460317460319
-3394.460317460319
-3405.460317460319
-3416.460317460319
-3427.460317460319
-3438.460317460319
-3424.2380952380963
-3435.2380952380963
-3446.2380952380963
-3457.2380952380963
-3468.2380952380963
-3479.2380952380963
-3490.2380952380963
-3501.2380952380963
-3512.2380952380963
-3523.2380952380963
-3534.2380952380963
-3545.2380952380963
-3556.2380952380963
-3567.2380952380963
-3578.2380952380963
-3589.2380952380963
-3600.2380952380963
-3611.2380952380963
-3588.666666666668
