-11
-22
-33
-44
-55
-66
-30.0
-41.0
-52.0
-63.0
-74.0
-85.0
-96.0
-107.0
-118.0
-129.0
-140.0
-151.0
-162.0
-173.0
-184.0
-195.0
-206.0
-217.0
-228.0
-239.0
-250.0
-261.0
-272.0
-283.0
-294.0
-305.0
-294.0
-305.0
-316.0
-327.0
-338.0
-349.0
-360.0
-371.0
-348.42857142857144
-359.42857142857144
-370.42857142857144
-381.42857142857144
-392.42857142857144
-403.42857142857144
-414.42857142857144
-425.42857142857144
-436.42857142857144
-337.42857142857144
-348.42857142857144
-359.42857142857144
-370.42857142857144
-381.42857142857144
-392.42857142857144
-403.42857142857144
-414.42857142857144
-403.42857142857144
-414.42857142857144
-425.42857142857144
-436.42857142857144
-447.42857142857144
-458.42857142857144
-469.42857142857144
-480.42857142857144
-491.42857142857144
-502.42857142857144
-513.4285714285714
-524.4285714285714
-535.4285714285714
-521.2063492063493
-532.2063492063493
-543.2063492063493
-554.2063492063493
-565.2063492063493
-576.2063492063493
-587.2063492063493
-576.2063492063493
-587.2063492063493
-598.2063492063493
-609.2063492063493
-620.2063492063493
-631.2063492063493
-642.2063492063493
-653.2063492063493
-630.6349206349206
-641.6349206349206
-652.6349206349206
-663.6349206349206
-674.6349206349206
-685.6349206349206
-696.6349206349206
-707.6349206349206
-693.4126984126984
-704.4126984126984
-715.4126984126984
-726.4126984126984
-737.4126984126984
-690.4126984126984
-701.4126984126984
-712.4126984126984
-723.4126984126984
-734.4126984126984
-745.4126984126984
-756.4126984126984
-767.4126984126984
-720.4126984126984
-731.4126984126984
-742.4126984126984
-753.4126984126984
-764.4126984126984
-775.4126984126984
-786.4126984126984
-797.4126984126984
-808.4126984126984
-819.4126984126984
-801.4126984126984
-812.4126984126984
-823.4126984126984
-834.4126984126984
-845.4126984126984
-856.4126984126984
-867.4126984126984
-878.4126984126984
-889.4126984126984
-900.4126984126984
-864.4126984126984
-875.4126984126984
-886.4126984126984
-897.4126984126984
-908.4126984126984
-919.4126984126984
-930.4126984126984
-941.4126984126984
-952.4126984126984
-963.4126984126984
-974.4126984126984
-985.4126984126984
-996.4126984126984
-1007.4126984126984
-1018.4126984126984
-1029.4126984126983
-1040.4126984126983
-1051.4126984126983
-1015.4126984126983
-916.4126984126983
-927.4126984126983
-938.4126984126983
-949.4126984126983
-960.4126984126983
-971.4126984126983
-982.4126984126983
-993.4126984126983
-1004.4126984126983
-1015.4126984126983
-1026.4126984126983
-1037.4126984126983
-1048.4126984126983
-1059.4126984126983
-1070.4126984126983
-971.4126984126983
-957.1904761904761
-968.1904761904761
-979.1904761904761
-990.1904761904761
-1001.1904761904761
-972.8571428571429
-983.8571428571429
-994.8571428571429
-1005.8571428571429
-1016.8571428571429
-952.1904761904761
-963.1904761904761
-940.6190476190475
-951.6190476190475
-962.6190476190475
-973.6190476190475
-951.0476190476188
-962.0476190476188
-973.0476190476188
-984.0476190476188
-995.0476190476188
-1006.0476190476188
-1017.0476190476188
-1028.0476190476188
-1039.0476190476188
-1050.0476190476188
-1061.0476190476188
-1072.0476190476188
-1083.0476190476188
-1094.0476190476188
-1105.0476190476188
-1116.0476190476188
-1127.0476190476188
-1138.0476190476188
-1149.0476190476188
-1160.0476190476188
-1171.0476190476188
-1182.0476190476188
-1193.0476190476188
-1204.0476190476188
-1215.0476190476188
-1226.0476190476188
-1237.0476190476188
-1248.0476190476188
-1259.0476190476188
-1270.0476190476188
-1281.0476190476188
-1292.0476190476188
-1303.0476190476188
-1314.0476190476188
-1325.0476190476188
-1336.0476190476188
-1347.0476190476188
-1358.0476190476188
-1369.0476190476188
-1380.0476190476188
-1344.0476190476188
-1329.8253968253966
-1340.8253968253966
-1351.8253968253966
-1362.8253968253966
-1373.8253968253966
-1384.8253968253966
-1395.8253968253966
-1406.8253968253966
-1417.8253968253966
-1428.8253968253966
-1439.8253968253966
-1450.8253968253966
-1461.8253968253966
-1472.8253968253966
-1461.8253968253966
-1472.8253968253966
-1483.8253968253966
-1494.8253968253966
-1505.8253968253966
-1516.8253968253966
-1527.8253968253966
-1538.8253968253966
-1549.8253968253966
-1560.8253968253966
-1571.8253968253966
-1582.8253968253966
-1593.8253968253966
-1604.8253968253966
-1615.8253968253966
-1626.8253968253966
-1637.8253968253966
-1648.8253968253966
-1659.8253968253966
-1670.8253968253966
-1606.1587301587301
-1617.1587301587301
-1628.1587301587301
-1639.1587301587301
-1650.1587301587301
-1661.1587301587301
-1672.1587301587301
-1683.1587301587301
-1694.1587301587301
-1705.1587301587301
-1716.1587301587301
-1727.1587301587301
-1738.1587301587301
-1749.1587301587301
-1760.1587301587301
-1771.1587301587301
-1782.1587301587301
-1793.1587301587301
-1804.1587301587301
-1815.1587301587301
-1826.1587301587301
-1837.1587301587301
-1848.1587301587301
-1859.1587301587301
-1844.936507936508
-1855.936507936508
-1866.936507936508
-1877.936507936508
-1888.936507936508
-1899.936507936508
-1910.936507936508
-1921.936507936508
-1932.936507936508
-1896.936507936508
-1907.936507936508
-1918.936507936508
-1929.936507936508
-1940.936507936508
-1951.936507936508
-1962.936507936508
-1973.936507936508
-1951.3650793650795
-1962.3650793650795
-1973.3650793650795
-1984.3650793650795
-1995.3650793650795
-2006.3650793650795
-2017.3650793650795
-2028.3650793650795
-2039.3650793650795
-2050.3650793650795
-2061.3650793650795
-2033.0317460317463
-2018.809523809524
-2029.809523809524
-1930.809523809524
-1941.809523809524
-1952.809523809524
-1963.809523809524
-1974.809523809524
-1985.809523809524
-1996.809523809524
-2007.809523809524
-2018.809523809524
-2029.809523809524
-2040.809523809524
-2051.809523809524
-2062.809523809524
-2026.8095238095239
-2037.8095238095239
-2048.809523809524
-2059.809523809524
-2070.809523809524
-2081.809523809524
-2092.809523809524
-2103.809523809524
-2114.809523809524
-2125.809523809524
-2136.809523809524
-2147.809523809524
-2158.809523809524
-2169.809523809524
-2180.809523809524
-2191.809523809524
-2202.809523809524
-2213.809523809524
-2224.809523809524
-2235.809523809524
-2246.809523809524
-2257.809523809524
-2268.809523809524
-2279.809523809524
-2290.809523809524
-2301.809523809524
-2312.809523809524
-2323.809523809524
-2334.809523809524
-2345.809523809524
-2356.809523809524
-2367.809523809524
-2378.809523809524
-2389.809523809524
-2400.809523809524
-2411.809523809524
-2422.809523809524
-2433.809523809524
-2444.809523809524
-2455.809523809524
-2408.809523809524
-2419.809523809524
-2430.809523809524
-2441.809523809524
-2452.809523809524
-2463.809523809524
-2474.809523809524
-2485.809523809524
-2496.809523809524
-2507.809523809524
-2518.809523809524
-2529.809523809524
-2540.809523809524
-2551.809523809524
-2562.809523809524
-2573.809523809524
-2584.809523809524
-2595.809523809524
-2606.809523809524
-2617.809523809524
-2628.809523809524
-2639.809523809524
-2650.809523809524
-2661.809523809524
-2672.809523809524
-2683.809523809524
-2694.809523809524
-2705.809523809524
-2716.809523809524
-2727.809523809524
-2738.809523809524
-2749.809523809524
-2760.809523809524
-2771.809523809524
-2782.809523809524
-2793.809523809524
-2804.809523809524
-2815.809523809524
-2768.809523809524
-2779.809523809524
-2765.587301587301
-2776.587301587301
-2787.587301587301
-2688.587301587301
-2699.587301587301
-2710.587301587301
-2721.587301587301
-2732.587301587301
-2743.587301587301
-2754.587301587301
-2765.587301587301
-2776.587301587301
-2787.587301587301
-2798.587301587301
-2699.587301587301
-2710.587301587301
-2721.587301587301
-2732.587301587301
-2743.587301587301
-2754.587301587301
-2765.587301587301
-2776.587301587301
-2787.587301587301
-2798.587301587301
-2809.587301587301
-2710.587301587301
-2645.9206349206343
-2656.9206349206343
-2667.9206349206343
-2678.9206349206343
-2689.9206349206343
-2700.9206349206343
-2711.9206349206343
-2722.9206349206343
-2733.9206349206343
-2744.9206349206343
-2755.9206349206343
-2766.9206349206343
-2777.9206349206343
-2788.9206349206343
-2799.9206349206343
-2810.9206349206343
-2821.9206349206343
-2832.9206349206343
-2843.9206349206343
-2854.9206349206343
-2865.9206349206343
-2876.9206349206343
-2887.9206349206343
-2898.9206349206343
-2909.9206349206343
-2920.9206349206343
-2873.9206349206343
-2884.9206349206343
-2895.9206349206343
-2906.9206349206343
-2884.349206349206
-2895.349206349206
-2906.349206349206
-2917.349206349206
-2928.349206349206
-2939.349206349206
-2928.349206349206
-2939.349206349206
-2950.349206349206
-2961.349206349206
-2972.349206349206
-2983.349206349206
-2994.349206349206
-3005.349206349206
-3016.349206349206
-3027.349206349206
-3038.349206349206
-3049.349206349206
-3060.349206349206
-3071.349206349206
-3082.349206349206
-3093.349206349206
-3075.349206349206
-3086.349206349206
-3097.349206349206
-3108.349206349206
-3097.349206349206
-3108.349206349206
-3119.349206349206
-3130.349206349206
-3141.349206349206
-3152.349206349206
-3163.349206349206
-3174.349206349206
-3075.349206349206
-3086.349206349206
-3097.349206349206
-3074.7777777777774
-3027.7777777777774
-3038.7777777777774
-3049.7777777777774
-3060.7777777777774
-3071.7777777777774
-3082.7777777777774
-3071.7777777777774
-3082.7777777777774
-3093.7777777777774
-3075.7777777777774
-3086.7777777777774
-3097.7777777777774
-3108.7777777777774
-3119.7777777777774
-3130.7777777777774
-3112.7777777777774
-3123.7777777777774
-3134.7777777777774
-3145.7777777777774
-3156.7777777777774
-3167.7777777777774
-3178.7777777777774
-3189.7777777777774
-3200.7777777777774
-3211.7777777777774
-3222.7777777777774
-3233.7777777777774
-3205.4444444444443
-3216.4444444444443
-3227.4444444444443
-3238.4444444444443
-3249.4444444444443
-3260.4444444444443
-3271.4444444444443
-3282.4444444444443
-3293.4444444444443
-3304.4444444444443
-3315.4444444444443
-3326.4444444444443
-3337.4444444444443
-3348.4444444444443
-3359.4444444444443
-3370.4444444444443
-3359.4444444444443
-3370.4444444444443
-3381.4444444444443
-3392.4444444444443
-3403.4444444444443
-3414.4444444444443
-3367.4444444444443
-3378.4444444444443
-3389.4444444444443
-3400.4444444444443
-3411.4444444444443
-3422.4444444444443
-3433.4444444444443
-3444.4444444444443
-3421.873015873016
-3432.873015873016
-3443.873015873016
-3415.539682539683
-3426.539682539683
-3437.539682539683
-3448.539682539683
-3459.539682539683
-3470.539682539683
-3481.539682539683
-3492.539682539683
-3503.539682539683
-3514.539682539683
-3491.9682539682544
-3502.9682539682544
-3513.9682539682544
-3524.9682539682544
-3535.9682539682544
-3546.9682539682544
-3557.9682539682544
-3568.9682539682544
-3579.9682539682544
-3590.9682539682544
-3601.9682539682544
-3612.9682539682544
-3623.9682539682544
-3634.9682539682544
-3645.9682539682544
-3656.9682539682544
-3667.9682539682544
-3631.9682539682544
-3642.9682539682544
-3653.9682539682544
-3664.9682539682544
-3675.9682539682544
-3686.9682539682544
-3697.9682539682544
-3708.9682539682544
-3719.9682539682544
-3730.9682539682544
-3741.9682539682544
-3752.9682539682544
-3763.9682539682544
-3774.9682539682544
-3785.9682539682544
-3796.9682539682544
-3807.9682539682544
-3818.9682539682544
-3829.9682539682544
-3840.9682539682544
-3851.9682539682544
-3862.9682539682544
-3873.9682539682544
-3884.9682539682544
-3895.9682539682544
-3906.9682539682544
-3917.9682539682544
-3928.9682539682544
-3939.9682539682544
-3950.9682539682544
-3961.9682539682544
-3972.9682539682544
-3983.9682539682544
-3994.9682539682544
-4005.9682539682544
-4016.9682539682544
-4027.9682539682544
-4038.9682539682544
-4049.9682539682544
-3950.9682539682544
-3961.9682539682544
-3972.9682539682544
-3983.9682539682544
-3994.9682539682544
-3980.746031746032
-3991.746031746032
-4002.746031746032
-4013.746031746032
-4024.746031746032
-4035.746031746032
-3971.079365079365
-3982.079365079365
-3993.079365079365
-4004.079365079365
-4015.079365079365
-4026.079365079365
-4037.079365079365
-4048.079365079365
-4059.079365079365
-4070.079365079365
-4081.079365079365
-4092.079365079365
-4103.079365079365
-4114.079365079365
-4125.079365079365
-4136.079365079365
-4147.079365079365
-4158.079365079365
-4169.079365079365
-4070.079365079365
-4081.079365079365
-4092.079365079365
-4103.079365079365
-4114.079365079365
-4125.079365079365
-4136.079365079365
-4147.079365079365
-4158.079365079365
-4169.079365079365
-4180.079365079365
-4191.079365079365
-4202.079365079365
-4213.079365079365
-4224.079365079365
-4235.079365079365
-4246.079365079365
-4257.079365079365
-4268.079365079365
-4279.079365079365
-4290.079365079365
-4243.079365079365
-4254.079365079365
-4265.079365079365
-4276.079365079365
-4287.079365079365
-4298.079365079365
-4309.079365079365
-4320.079365079365
-4331.079365079365
-4342.079365079365
-4353.079365079365
-4364.079365079365
-4375.079365079365
-4386.079365079365
-4397.079365079365
-4408.079365079365
-4419.079365079365
-4430.079365079365
