-11
-22
-33
-44
-55
-66
-77
-88
-99
-110
-121
-132
-109.42857142857142
-120.42857142857142
-131.42857142857142
-142.42857142857142
-153.42857142857142
-164.42857142857142
-175.42857142857142
-186.42857142857142
-197.42857142857142
-208.42857142857142
-219.42857142857142
-230.42857142857142
-241.42857142857142
-252.42857142857142
-263.42857142857144
-274.42857142857144
-285.42857142857144
-296.42857142857144
-307.42857142857144
-318.42857142857144
-219.42857142857144
-230.42857142857144
-241.42857142857144
-252.42857142857144
-263.42857142857144
-274.42857142857144
-285.42857142857144
-296.42857142857144
-307.42857142857144
-318.42857142857144
-329.42857142857144
-340.42857142857144
-351.42857142857144
-362.42857142857144
-373.42857142857144
-384.42857142857144
-395.42857142857144
-406.42857142857144
-417.42857142857144
-428.42857142857144
-439.42857142857144
-450.42857142857144
-461.42857142857144
-472.42857142857144
-483.42857142857144
-494.42857142857144
-505.42857142857144
-516.4285714285714
-527.4285714285714
-538.4285714285714
-549.4285714285714
-560.4285714285714
-571.4285714285714
-582.4285714285714
-593.4285714285714
-604.4285714285714
-615.4285714285714
-626.4285714285714
-637.4285714285714
-648.4285714285714
-659.4285714285714
-670.4285714285714
-681.4285714285714
-653.0952380952382
-664.0952380952382
-675.0952380952382
-686.0952380952382
-697.0952380952382
-708.0952380952382
-719.0952380952382
-730.0952380952382
-741.0952380952382
-752.0952380952382
-763.0952380952382
-774.0952380952382
-785.0952380952382
-738.0952380952382
-749.0952380952382
-760.0952380952382
-771.0952380952382
-782.0952380952382
-793.0952380952382
-804.0952380952382
-815.0952380952382
-826.0952380952382
-761.4285714285714
-772.4285714285714
-783.4285714285714
-794.4285714285714
-805.4285714285714
-816.4285714285714
-827.4285714285714
-838.4285714285714
-849.4285714285714
-860.4285714285714
-824.4285714285714
-835.4285714285714
-846.4285714285714
-857.4285714285714
-868.4285714285714
-840.0952380952382
-851.0952380952382
-862.0952380952382
-873.0952380952382
-884.0952380952382
-895.0952380952382
-906.0952380952382
-917.0952380952382
-928.0952380952382
-939.0952380952382
-950.0952380952382
-921.7619047619049
-910.7619047619049
-921.7619047619049
-932.7619047619049
-943.7619047619049
-954.7619047619049
-965.7619047619049
-976.7619047619049
-987.7619047619049
-973.5396825396828
-984.5396825396828
-995.5396825396828
-1006.5396825396828
-1017.5396825396828
-1028.5396825396829
-1039.5396825396829
-1050.5396825396829
-1061.5396825396829
-1072.5396825396829
-1083.5396825396829
-1094.5396825396829
-1029.8730158730164
-982.8730158730164
-993.8730158730164
-1004.8730158730164
-1015.8730158730164
-1026.8730158730164
-1037.8730158730164
-938.8730158730164
-949.8730158730164
-960.8730158730164
-971.8730158730164
-982.8730158730164
-954.5396825396831
-965.5396825396831
-976.5396825396831
-987.5396825396831
-998.5396825396831
-899.5396825396831
-910.5396825396831
-921.5396825396831
-910.5396825396831
-921.5396825396831
-932.5396825396831
-943.5396825396831
-954.5396825396831
-965.5396825396831
-937.2063492063498
-948.2063492063498
-959.2063492063498
-970.2063492063498
-941.8730158730166
-952.8730158730166
-963.8730158730166
-974.8730158730166
-985.8730158730166
-996.8730158730166
-1007.8730158730166
-1018.8730158730166
-1029.8730158730166
-965.2063492063498
-976.2063492063498
-987.2063492063498
-998.2063492063498
-1009.2063492063498
-1020.2063492063498
-1031.2063492063498
-1042.2063492063498
-1053.2063492063498
-1064.2063492063498
-1075.2063492063498
-1086.2063492063498
-1097.2063492063498
-1108.2063492063498
-1090.2063492063498
-1101.2063492063498
-1112.2063492063498
-1123.2063492063498
-1134.2063492063498
-1145.2063492063498
-1156.2063492063498
-1167.2063492063498
-1178.2063492063498
-1189.2063492063498
-1200.2063492063498
-1211.2063492063498
-1222.2063492063498
-1233.2063492063498
-1244.2063492063498
-1255.2063492063498
-1266.2063492063498
-1230.2063492063498
-1241.2063492063498
-1252.2063492063498
-1263.2063492063498
-1274.2063492063498
-1285.2063492063498
-1296.2063492063498
-1307.2063492063498
-1318.2063492063498
-1307.2063492063498
-1318.2063492063498
-1329.2063492063498
-1293.2063492063498
-1304.2063492063498
-1315.2063492063498
-1326.2063492063498
-1337.2063492063498
-1348.2063492063498
-1359.2063492063498
-1370.2063492063498
-1381.2063492063498
-1392.2063492063498
-1403.2063492063498
-1414.2063492063498
-1425.2063492063498
-1436.2063492063498
-1447.2063492063498
-1458.2063492063498
-1469.2063492063498
-1422.2063492063498
-1433.2063492063498
-1444.2063492063498
-1455.2063492063498
-1466.2063492063498
-1477.2063492063498
-1488.2063492063498
-1499.2063492063498
-1510.2063492063498
-1495.9841269841277
-1506.9841269841277
-1517.9841269841277
-1528.9841269841277
-1539.9841269841277
-1550.9841269841277
-1561.9841269841277
-1572.9841269841277
-1583.9841269841277
-1594.9841269841277
-1605.9841269841277
-1616.9841269841277
-1627.9841269841277
-1638.9841269841277
-1649.9841269841277
-1660.9841269841277
-1671.9841269841277
-1660.9841269841277
-1671.9841269841277
-1682.9841269841277
-1693.9841269841277
-1704.9841269841277
-1715.9841269841277
-1726.9841269841277
-1737.9841269841277
-1748.9841269841277
-1759.9841269841277
-1741.9841269841277
-1752.9841269841277
-1763.9841269841277
-1774.9841269841277
-1785.9841269841277
-1796.9841269841277
-1807.9841269841277
-1818.9841269841277
-1829.9841269841277
-1840.9841269841277
-1851.9841269841277
-1862.9841269841277
-1873.9841269841277
-1884.9841269841277
-1895.9841269841277
-1906.9841269841277
-1917.9841269841277
-1928.9841269841277
-1939.9841269841277
-1921.9841269841277
-1893.6507936507942
-1904.6507936507942
-1915.6507936507942
-1926.6507936507942
-1937.6507936507942
-1948.6507936507942
-1959.6507936507942
-1970.6507936507942
-1981.6507936507942
-1992.6507936507942
-2003.6507936507942
-2014.6507936507942
-2025.6507936507942
-1997.3174603174607
-2008.3174603174607
-2019.3174603174607
-2030.3174603174607
-2041.3174603174607
-2052.3174603174607
-2063.3174603174607
-2074.3174603174607
-2085.3174603174607
-2096.3174603174607
-2107.3174603174607
-2118.3174603174607
-2129.3174603174607
-2140.3174603174607
-2151.3174603174607
-2162.3174603174607
-2173.3174603174607
-2184.3174603174607
-2170.095238095238
-2181.095238095238
-2192.095238095238
-2203.095238095238
-2214.095238095238
-2225.095238095238
-2236.095238095238
-2247.095238095238
-2258.095238095238
-2269.095238095238
-2280.095238095238
-2291.095238095238
-2302.095238095238
-2313.095238095238
-2324.095238095238
-2335.095238095238
-2299.095238095238
-2284.8730158730154
-2295.8730158730154
-2306.8730158730154
-2317.8730158730154
-2328.8730158730154
-2339.8730158730154
-2350.8730158730154
-2361.8730158730154
-2372.8730158730154
-2383.8730158730154
-2372.8730158730154
-2383.8730158730154
-2394.8730158730154
-2380.650793650793
-2391.650793650793
-2402.650793650793
-2413.650793650793
-2424.650793650793
-2435.650793650793
-2446.650793650793
-2457.650793650793
-2468.650793650793
-2479.650793650793
-2490.650793650793
-2501.650793650793
-2512.650793650793
-2523.650793650793
-2534.650793650793
-2545.650793650793
-2556.650793650793
-2567.650793650793
-2578.650793650793
-2589.650793650793
-2600.650793650793
-2611.650793650793
-2622.650793650793
-2633.650793650793
-2644.650793650793
-2630.42857142857
-2641.42857142857
-2652.42857142857
-2553.42857142857
-2488.761904761903
-2499.761904761903
-2510.761904761903
-2521.761904761903
-2532.761904761903
-2543.761904761903
-2554.761904761903
-2565.761904761903
-2576.761904761903
-2512.0952380952363
-2523.0952380952363
-2534.0952380952363
-2545.0952380952363
-2556.0952380952363
-2567.0952380952363
-2578.0952380952363
-2563.8730158730136
-2574.8730158730136
-2585.8730158730136
-2596.8730158730136
-2607.8730158730136
-2618.8730158730136
-2629.8730158730136
-2618.8730158730136
-2629.8730158730136
-2640.8730158730136
-2651.8730158730136
-2662.8730158730136
-2563.8730158730136
-2574.8730158730136
-2585.8730158730136
-2596.8730158730136
-2607.8730158730136
-2618.8730158730136
-2629.8730158730136
-2640.8730158730136
-2651.8730158730136
-2662.8730158730136
-2634.5396825396806
-2645.5396825396806
-2656.5396825396806
-2667.5396825396806
-2678.5396825396806
-2689.5396825396806
-2590.5396825396806
-2601.5396825396806
-2612.5396825396806
-2623.5396825396806
-2634.5396825396806
-2645.5396825396806
-2656.5396825396806
-2667.5396825396806
-2678.5396825396806
-2689.5396825396806
-2700.5396825396806
-2711.5396825396806
-2722.5396825396806
-2733.5396825396806
-2744.5396825396806
-2733.5396825396806
-2744.5396825396806
-2755.5396825396806
-2766.5396825396806
-2777.5396825396806
-2788.5396825396806
-2799.5396825396806
-2810.5396825396806
-2821.5396825396806
-2832.5396825396806
-2843.5396825396806
-2854.5396825396806
-2865.5396825396806
-2847.5396825396806
-2858.5396825396806
-2869.5396825396806
-2880.5396825396806
-2891.5396825396806
-2902.5396825396806
-2913.5396825396806
-2924.5396825396806
-2935.5396825396806
-2946.5396825396806
-2957.5396825396806
-2968.5396825396806
-2979.5396825396806
-2880.5396825396806
-2891.5396825396806
-2902.5396825396806
-2913.5396825396806
-2924.5396825396806
-2935.5396825396806
-2946.5396825396806
-2957.5396825396806
-2968.5396825396806
-2979.5396825396806
-2990.5396825396806
-3001.5396825396806
-3012.5396825396806
-3023.5396825396806
-3034.5396825396806
-3045.5396825396806
-3056.5396825396806
-3067.5396825396806
-3078.5396825396806
-3089.5396825396806
-3100.5396825396806
-3111.5396825396806
-3122.5396825396806
-3133.5396825396806
-3144.5396825396806
-3155.5396825396806
-3166.5396825396806
-3177.5396825396806
-3163.317460317458
-3152.317460317458
-3163.317460317458
-3174.317460317458
-3185.317460317458
-3196.317460317458
-3207.317460317458
-3189.317460317458
-3200.317460317458
-3211.317460317458
-3222.317460317458
-3233.317460317458
-3244.317460317458
-3255.317460317458
-3266.317460317458
-3277.317460317458
-3288.317460317458
-3299.317460317458
-3310.317460317458
-3321.317460317458
-3332.317460317458
-3343.317460317458
-3354.317460317458
-3365.317460317458
-3376.317460317458
-3387.317460317458
-3398.317460317458
-3409.317460317458
-3420.317460317458
-3431.317460317458
-3442.317460317458
-3453.317460317458
-3464.317460317458
-3365.317460317458
-3376.317460317458
-3387.317460317458
-3398.317460317458
-3409.317460317458
-3420.317460317458
-3431.317460317458
-3442.317460317458
-3453.317460317458
-3464.317460317458
-3453.317460317458
-3464.317460317458
-3475.317460317458
-3486.317460317458
-3497.317460317458
-3508.317460317458
-3519.317460317458
-3530.317460317458
-3512.317460317458
-3523.317460317458
-3534.317460317458
-3545.317460317458
-3556.317460317458
-3457.317460317458
-3468.317460317458
-3479.317460317458
-3490.317460317458
-3501.317460317458
-3512.317460317458
-3523.317460317458
-3534.317460317458
-3545.317460317458
-3556.317460317458
-3567.317460317458
-3578.317460317458
-3589.317460317458
-3600.317460317458
-3611.317460317458
-3622.317460317458
-3604.317460317458
-3615.317460317458
-3626.317460317458
-3637.317460317458
-3648.317460317458
-3659.317460317458
-3670.317460317458
-3681.317460317458
-3692.317460317458
-3703.317460317458
-3667.317460317458
-3678.317460317458
-3689.317460317458
-3700.317460317458
-3711.317460317458
-3722.317460317458
-3733.317460317458
-3744.317460317458
-3755.317460317458
-3766.317460317458
-3777.317460317458
-3788.317460317458
-3799.317460317458
-3810.317460317458
-3821.317460317458
-3832.317460317458
-3843.317460317458
-3820.7460317460295
-3756.0793650793626
-3767.0793650793626
-3778.0793650793626
-3789.0793650793626
-3800.0793650793626
-3811.0793650793626
-3800.0793650793626
-3811.0793650793626
-3822.0793650793626
-3833.0793650793626
-3844.0793650793626
-3855.0793650793626
-3866.0793650793626
-3877.0793650793626
-3888.0793650793626
-3899.0793650793626
-3910.0793650793626
-3921.0793650793626
-3932.0793650793626
-3943.0793650793626
-3954.0793650793626
-3965.0793650793626
-3976.0793650793626
-3947.7460317460295
-3958.7460317460295
-3969.7460317460295
-3980.7460317460295
-3991.7460317460295
-4002.7460317460295
-4013.7460317460295
-4024.7460317460295
-4035.7460317460295
-4046.7460317460295
-4057.7460317460295
-4068.7460317460295
-4079.7460317460295
-4090.7460317460295
-4101.74603174603
-4112.74603174603
-4123.74603174603
-4134.74603174603
-4145.74603174603
-4156.74603174603
-4145.74603174603
-4156.74603174603
-4057.74603174603
-4068.74603174603
-4079.74603174603
-4090.74603174603
-4101.74603174603
-4112.74603174603
-4123.74603174603
-4134.74603174603
-4145.74603174603
-4123.174603174601
-4134.174603174601
-4145.174603174601
-4109.174603174601
-4120.174603174601
-4131.174603174601
-4116.952380952378
-4127.952380952378
-4099.619047619044
-4110.619047619044
-4121.619047619044
-4132.619047619044
-4143.619047619044
-4154.619047619044
-4165.619047619044
-4176.619047619044
-4187.619047619044
-4198.619047619044
-4209.619047619044
-4220.619047619044
-4231.619047619044
-4242.619047619044
-4253.619047619044
-4188.952380952378
-4199.952380952378
-4210.952380952378
-4221.952380952378
-4122.952380952378
-4133.952380952378
-4144.952380952378
-4155.952380952378
-4166.952380952378
-4177.952380952378
