-11
-22
-33
-44
-55
-66
-77
-88
-99
-110
-121
-92.66666666666666
-103.66666666666666
-114.66666666666666
-125.66666666666666
-136.66666666666666
-147.66666666666666
-158.66666666666666
-169.66666666666666
-180.66666666666666
-81.66666666666666
-92.66666666666666
-103.66666666666666
-114.66666666666666
-96.66666666666666
-107.66666666666666
-118.66666666666666
-129.66666666666666
-140.66666666666666
-151.66666666666666
-162.66666666666666
-173.66666666666666
-184.66666666666666
-195.66666666666666
-130.99999999999997
-31.99999999999997
-42.99999999999997
-53.99999999999997
-64.99999999999997
-75.99999999999997
-86.99999999999997
-97.99999999999997
-108.99999999999997
-119.99999999999997
-130.99999999999997
-141.99999999999997
-152.99999999999997
-163.99999999999997
-174.99999999999997
-185.99999999999997
-196.99999999999997
-207.99999999999997
-218.99999999999997
-229.99999999999997
-240.99999999999997
-251.99999999999997
-263.0
-274.0
-175.0
-186.0
-197.0
-208.0
-219.0
-230.0
-241.0
-252.0
-263.0
-274.0
-256.0
-209.0
-220.0
-231.0
-166.33333333333331
-177.33333333333331
-188.33333333333331
-199.33333333333331
-210.33333333333331
-221.33333333333331
-232.33333333333331
-243.33333333333331
-196.33333333333331
-207.33333333333331
-218.33333333333331
-229.33333333333331
-240.33333333333331
-251.33333333333331
-262.3333333333333
-273.3333333333333
-284.3333333333333
-295.3333333333333
-306.3333333333333
-317.3333333333333
-252.66666666666666
-241.66666666666663
-252.66666666666663
-263.66666666666663
-274.66666666666663
-285.66666666666663
-296.66666666666663
-307.66666666666663
-279.33333333333326
-290.33333333333326
-301.33333333333326
-312.33333333333326
-323.33333333333326
-334.33333333333326
-345.33333333333326
-356.33333333333326
-367.33333333333326
-378.33333333333326
-389.33333333333326
-400.33333333333326
-411.33333333333326
-422.33333333333326
-386.33333333333326
-397.33333333333326
-408.33333333333326
-419.33333333333326
-430.33333333333326
-441.33333333333326
-342.33333333333326
-324.33333333333326
-225.33333333333326
-236.33333333333326
-247.33333333333326
-258.33333333333326
-269.33333333333326
-280.33333333333326
-291.33333333333326
-302.33333333333326
-313.33333333333326
-324.33333333333326
-335.33333333333326
-346.33333333333326
-357.33333333333326
-258.33333333333326
-159.33333333333326
-170.33333333333326
-123.33333333333326
-134.33333333333326
-145.33333333333326
-156.33333333333326
-167.33333333333326
-178.33333333333326
-189.33333333333326
-200.33333333333326
-153.33333333333326
-164.33333333333326
-175.33333333333326
-186.33333333333326
-197.33333333333326
-208.33333333333326
-219.33333333333326
-230.33333333333326
-241.33333333333326
-252.33333333333326
-263.33333333333326
-274.33333333333326
-285.33333333333326
-296.33333333333326
-307.33333333333326
-208.33333333333326
-219.33333333333326
-230.33333333333326
-241.33333333333326
-252.33333333333326
-263.33333333333326
-274.33333333333326
-245.99999999999991
-256.9999999999999
-267.9999999999999
-278.9999999999999
-289.9999999999999
-300.9999999999999
-311.9999999999999
-322.9999999999999
-333.9999999999999
-344.9999999999999
-355.9999999999999
-366.9999999999999
-377.9999999999999
-388.9999999999999
-399.9999999999999
-410.9999999999999
-421.9999999999999
-432.9999999999999
-443.9999999999999
-454.9999999999999
-465.9999999999999
-476.9999999999999
-487.9999999999999
-498.9999999999999
-509.9999999999999
-520.9999999999999
-531.9999999999999
-542.9999999999999
-553.9999999999999
-564.9999999999999
-575.9999999999999
-586.9999999999999
-597.9999999999999
-608.9999999999999
-619.9999999999999
-630.9999999999999
-641.9999999999999
-652.9999999999999
-663.9999999999999
-674.9999999999999
-660.7777777777777
-671.7777777777777
-682.7777777777777
-693.7777777777777
-646.7777777777777
-657.7777777777777
-668.7777777777777
-679.7777777777777
-690.7777777777777
-701.7777777777777
-712.7777777777777
-723.7777777777777
-734.7777777777777
-745.7777777777777
-756.7777777777777
-767.7777777777777
-778.7777777777777
-731.7777777777777
-742.7777777777777
-753.7777777777777
-764.7777777777777
-775.7777777777777
-786.7777777777777
-797.7777777777777
-808.7777777777777
-819.7777777777777
-830.7777777777777
-841.7777777777777
-823.7777777777777
-834.7777777777777
-845.7777777777777
-856.7777777777777
-867.7777777777777
-878.7777777777777
-889.7777777777777
-878.7777777777777
-889.7777777777777
-900.7777777777777
-911.7777777777777
-812.7777777777777
-823.7777777777777
-834.7777777777777
-845.7777777777777
-856.7777777777777
-867.7777777777777
-878.7777777777777
-860.7777777777777
-871.7777777777777
-882.7777777777777
-893.7777777777777
-904.7777777777777
-890.5555555555555
-901.5555555555555
-912.5555555555555
-923.5555555555555
-934.5555555555555
-869.8888888888888
-880.8888888888888
-891.8888888888888
-902.8888888888888
-913.8888888888888
-924.8888888888888
-935.8888888888888
-946.8888888888888
-957.8888888888888
-968.8888888888888
-979.8888888888888
-990.8888888888888
-1001.8888888888888
-1012.8888888888888
-1023.8888888888888
-1034.8888888888887
-1045.8888888888887
-1056.8888888888887
-1067.8888888888887
-1078.8888888888887
-1014.2222222222221
-1025.2222222222222
-1036.2222222222222
-1047.2222222222222
-1058.2222222222222
-1069.2222222222222
-1080.2222222222222
-1091.2222222222222
-1102.2222222222222
-1113.2222222222222
-1099.0
-1110.0
-1121.0
-1132.0
-1143.0
-1125.0
-1136.0
-1147.0
-1048.0
-1059.0
-1044.7777777777778
-1055.7777777777778
-1066.7777777777778
-1077.7777777777778
-1088.7777777777778
-1099.7777777777778
-1110.7777777777778
-1121.7777777777778
-1074.7777777777778
-1085.7777777777778
-1096.7777777777778
-1107.7777777777778
-1118.7777777777778
-1129.7777777777778
-1082.7777777777778
-1093.7777777777778
-1104.7777777777778
-1115.7777777777778
-1126.7777777777778
-1137.7777777777778
-1148.7777777777778
-1101.7777777777778
-1112.7777777777778
-1123.7777777777778
-1134.7777777777778
-1145.7777777777778
-1156.7777777777778
-1167.7777777777778
-1178.7777777777778
-1164.5555555555557
-1175.5555555555557
-1186.5555555555557
-1197.5555555555557
-1208.5555555555557
-1219.5555555555557
-1230.5555555555557
-1241.5555555555557
-1252.5555555555557
-1263.5555555555557
-1274.5555555555557
-1285.5555555555557
-1296.5555555555557
-1307.5555555555557
-1318.5555555555557
-1329.5555555555557
-1340.5555555555557
-1351.5555555555557
-1333.5555555555557
-1344.5555555555557
-1355.5555555555557
-1366.5555555555557
-1377.5555555555557
-1388.5555555555557
-1399.5555555555557
-1410.5555555555557
-1387.9841269841272
-1398.9841269841272
-1409.9841269841272
-1420.9841269841272
-1431.9841269841272
-1442.9841269841272
-1453.9841269841272
-1464.9841269841272
-1475.9841269841272
-1486.9841269841272
-1497.9841269841272
-1469.6507936507937
-1480.6507936507937
-1491.6507936507937
-1502.6507936507937
-1513.6507936507937
-1499.4285714285716
-1510.4285714285716
-1521.4285714285716
-1532.4285714285716
-1543.4285714285716
-1554.4285714285716
-1565.4285714285716
-1576.4285714285716
-1587.4285714285716
-1598.4285714285716
-1609.4285714285716
-1620.4285714285716
-1631.4285714285716
-1642.4285714285716
-1653.4285714285716
-1664.4285714285716
-1675.4285714285716
-1657.4285714285716
-1668.4285714285716
-1679.4285714285716
-1690.4285714285716
-1701.4285714285716
-1712.4285714285716
-1723.4285714285716
-1734.4285714285716
-1745.4285714285716
-1756.4285714285716
-1767.4285714285716
-1668.4285714285716
-1679.4285714285716
-1690.4285714285716
-1701.4285714285716
-1712.4285714285716
-1723.4285714285716
-1734.4285714285716
-1745.4285714285716
-1756.4285714285716
-1767.4285714285716
-1720.4285714285716
-1731.4285714285716
-1742.4285714285716
-1753.4285714285716
-1764.4285714285716
-1775.4285714285716
-1786.4285714285716
-1750.4285714285716
-1761.4285714285716
-1772.4285714285716
-1783.4285714285716
-1794.4285714285716
-1805.4285714285716
-1816.4285714285716
-1827.4285714285716
-1838.4285714285716
-1739.4285714285716
-1750.4285714285716
-1761.4285714285716
-1750.4285714285716
-1761.4285714285716
-1772.4285714285716
-1783.4285714285716
-1794.4285714285716
-1805.4285714285716
-1816.4285714285716
-1802.2063492063494
-1813.2063492063494
-1714.2063492063494
-1725.2063492063494
-1736.2063492063494
-1747.2063492063494
-1758.2063492063494
-1722.2063492063494
-1733.2063492063494
-1744.2063492063494
-1755.2063492063494
-1766.2063492063494
-1777.2063492063494
-1788.2063492063494
-1799.2063492063494
-1810.2063492063494
-1763.2063492063494
-1716.2063492063494
-1727.2063492063494
-1738.2063492063494
-1749.2063492063494
-1760.2063492063494
-1771.2063492063494
-1782.2063492063494
-1793.2063492063494
-1804.2063492063494
-1815.2063492063494
-1826.2063492063494
-1837.2063492063494
-1848.2063492063494
-1859.2063492063494
-1870.2063492063494
-1805.5396825396829
-1816.5396825396829
-1827.5396825396829
-1838.5396825396829
-1849.5396825396829
-1860.5396825396829
-1871.5396825396829
-1882.5396825396829
-1893.5396825396829
-1904.5396825396829
-1915.5396825396829
-1926.5396825396829
-1937.5396825396829
-1948.5396825396829
-1959.5396825396829
-1970.5396825396829
-1981.5396825396829
-1992.5396825396829
-2003.5396825396829
-2014.5396825396829
-2025.5396825396829
-2036.5396825396829
-2047.5396825396829
-2058.539682539683
-2069.539682539683
-2080.539682539683
-2091.539682539683
-2102.539682539683
-2113.539682539683
-2124.539682539683
-2135.539682539683
-2146.539682539683
-2157.539682539683
-2168.539682539683
-2179.539682539683
-2190.539682539683
-2201.539682539683
-2212.539682539683
-2223.539682539683
-2234.539682539683
-2211.9682539682544
-2222.9682539682544
-2233.9682539682544
-2244.9682539682544
-2255.9682539682544
-2266.9682539682544
-2277.9682539682544
-2288.9682539682544
-2299.9682539682544
-2310.9682539682544
-2321.9682539682544
-2222.9682539682544
-2233.9682539682544
-2244.9682539682544
-2255.9682539682544
-2266.9682539682544
-2277.9682539682544
-2288.9682539682544
-2299.9682539682544
-2310.9682539682544
-2321.9682539682544
-2332.9682539682544
-2321.9682539682544
-2332.9682539682544
-2343.9682539682544
-2354.9682539682544
-2365.9682539682544
-2376.9682539682544
-2387.9682539682544
-2398.9682539682544
-2409.9682539682544
-2420.9682539682544
-2431.9682539682544
-2442.9682539682544
-2453.9682539682544
-2406.9682539682544
-2417.9682539682544
-2428.9682539682544
-2439.9682539682544
-2450.9682539682544
-2461.9682539682544
-2472.9682539682544
-2483.9682539682544
-2494.9682539682544
-2505.9682539682544
-2516.9682539682544
-2527.9682539682544
-2538.9682539682544
-2549.9682539682544
-2560.9682539682544
-2571.9682539682544
-2582.9682539682544
-2593.9682539682544
-2604.9682539682544
-2615.9682539682544
-2626.9682539682544
-2604.396825396826
-2615.396825396826
-2626.396825396826
-2612.1746031746034
-2623.1746031746034
-2634.1746031746034
-2645.1746031746034
-2656.1746031746034
-2667.1746031746034
-2678.1746031746034
-2689.1746031746034
-2700.1746031746034
-2711.1746031746034
-2722.1746031746034
-2733.1746031746034
-2744.1746031746034
-2755.1746031746034
-2766.1746031746034
-2777.1746031746034
-2788.1746031746034
-2799.1746031746034
-2810.1746031746034
-2821.1746031746034
-2832.1746031746034
-2843.1746031746034
-2854.1746031746034
-2865.1746031746034
-2876.1746031746034
-2887.1746031746034
-2864.603174603175
-2875.603174603175
-2886.603174603175
-2897.603174603175
-2908.603174603175
-2919.603174603175
-2930.603174603175
-2916.3809523809523
-2927.3809523809523
-2938.3809523809523
-2949.3809523809523
-2960.3809523809523
-2971.3809523809523
-2982.3809523809523
-2993.3809523809523
-3004.3809523809523
-3015.3809523809523
-2950.7142857142853
-2961.7142857142853
-2972.7142857142853
-2983.7142857142853
-2994.7142857142853
-3005.7142857142853
-3016.7142857142853
-3027.7142857142853
-3038.7142857142853
-3049.7142857142853
-3060.7142857142853
-3071.7142857142853
-3082.7142857142853
-3093.7142857142853
-3104.7142857142853
-3115.7142857142853
-3126.7142857142853
-3137.7142857142853
-3148.7142857142853
-3159.7142857142853
-3170.7142857142853
-3181.7142857142853
-3192.7142857142853
-3145.7142857142853
-3156.7142857142853
-3167.7142857142853
-3178.7142857142853
-3079.7142857142853
-3090.7142857142853
-3101.7142857142853
-3112.7142857142853
-3123.7142857142853
-3134.7142857142853
-3145.7142857142853
-3123.142857142857
-3134.142857142857
-3145.142857142857
-3156.142857142857
-3167.142857142857
-3178.142857142857
-3189.142857142857
-3200.142857142857
-3211.142857142857
-3222.142857142857
-3233.142857142857
-3244.142857142857
-3255.142857142857
-3266.142857142857
-3277.142857142857
-3254.5714285714284
-3265.5714285714284
-3276.5714285714284
-3287.5714285714284
-3298.5714285714284
-3276.0
-3287.0
-3298.0
-3309.0
-3320.0
-3331.0
-3342.0
-3353.0
-3364.0
-3375.0
-3364.0
-3375.0
-3386.0
-3397.0
-3408.0
-3419.0
-3430.0
-3441.0
-3452.0
-3463.0
-3474.0
-3485.0
-3496.0
-3507.0
-3518.0
-3529.0
-3540.0
-3551.0
-3562.0
-3463.0
