-11
-22
-33
-44
-55
-66
-77
-88
-99
-110
-121
-132
-143
-125.0
-136.0
-147.0
-158.0
-169.0
-180.0
-191.0
-202.0
-213.0
-224.0
-235.0
-212.42857142857144
-223.42857142857144
-209.20634920634922
-110.20634920634922
-121.20634920634922
-132.20634920634922
-143.20634920634922
-154.20634920634922
-107.20634920634922
-118.20634920634922
-89.87301587301587
-100.87301587301587
-111.87301587301587
-122.87301587301587
-133.87301587301587
-144.87301587301587
-155.87301587301587
-166.87301587301587
-177.87301587301587
-188.87301587301587
-89.87301587301587
-100.87301587301587
-111.87301587301587
-12.873015873015873
-23.873015873015873
-34.87301587301587
-45.87301587301587
-56.87301587301587
-67.87301587301587
-78.87301587301587
-89.87301587301587
-100.87301587301587
-111.87301587301587
-122.87301587301587
-133.87301587301587
-144.87301587301587
-97.87301587301587
-86.87301587301587
-22.206349206349202
-33.2063492063492
-44.2063492063492
-55.2063492063492
-66.2063492063492
-77.2063492063492
-88.2063492063492
-99.2063492063492
-110.2063492063492
-121.2063492063492
-22.206349206349202
-33.2063492063492
-44.2063492063492
-55.2063492063492
-66.2063492063492
32.7936507936508
21.793650793650798
10.793650793650798
-0.20634920634920206
-11.206349206349202
-22.206349206349202
-33.2063492063492
-44.2063492063492
20.46031746031747
9.46031746031747
-1.5396825396825307
-12.53968253968253
-23.53968253968253
41.12698412698414
105.79365079365081
94.79365079365081
83.79365079365081
72.79365079365081
61.79365079365081
50.79365079365081
39.79365079365081
28.793650793650812
17.793650793650812
6.793650793650812
-4.206349206349188
18.365079365079385
7.365079365079385
-3.634920634920615
-14.634920634920615
32.36507936507938
97.03174603174605
86.03174603174605
75.03174603174605
64.03174603174605
53.03174603174605
42.03174603174605
70.3650793650794
169.3650793650794
158.3650793650794
147.3650793650794
136.3650793650794
125.3650793650794
114.3650793650794
161.3650793650794
150.3650793650794
215.03174603174608
204.03174603174608
193.03174603174608
292.0317460317461
281.0317460317461
270.0317460317461
298.36507936507945
287.36507936507945
386.36507936507945
375.36507936507945
440.0317460317461
429.0317460317461
418.0317460317461
432.25396825396825
421.25396825396825
520.2539682539682
509.2539682539682
498.2539682539682
487.2539682539682
476.2539682539682
465.2539682539682
454.2539682539682
443.2539682539682
432.2539682539682
479.2539682539682
468.2539682539682
457.2539682539682
446.2539682539682
545.2539682539682
534.2539682539682
523.2539682539682
512.2539682539682
501.2539682539682
490.2539682539682
479.2539682539682
543.9206349206348
532.9206349206348
521.9206349206348
568.9206349206348
557.9206349206348
546.9206349206348
535.9206349206348
524.9206349206348
539.142857142857
528.142857142857
517.142857142857
581.8095238095237
570.8095238095237
559.8095238095237
658.8095238095237
687.142857142857
676.142857142857
665.142857142857
701.142857142857
800.142857142857
789.142857142857
778.142857142857
767.142857142857
756.142857142857
767.142857142857
756.142857142857
778.7142857142857
801.2857142857143
790.2857142857143
808.2857142857143
797.2857142857143
786.2857142857143
775.2857142857143
764.2857142857143
753.2857142857143
742.2857142857143
731.2857142857143
720.2857142857143
734.5079365079365
723.5079365079365
712.5079365079365
701.5079365079365
690.5079365079365
679.5079365079365
668.5079365079365
657.5079365079365
646.5079365079365
635.5079365079365
624.5079365079365
613.5079365079365
641.8412698412698
630.8412698412698
653.4126984126984
718.0793650793652
707.0793650793652
696.0793650793652
685.0793650793652
674.0793650793652
663.0793650793652
652.0793650793652
641.0793650793652
630.0793650793652
619.0793650793652
608.0793650793652
597.0793650793652
586.0793650793652
575.0793650793652
593.0793650793652
582.0793650793652
571.0793650793652
560.0793650793652
549.0793650793652
538.0793650793652
602.7460317460319
591.7460317460319
580.7460317460319
569.7460317460319
558.7460317460319
547.7460317460319
536.7460317460319
525.7460317460319
624.7460317460319
613.7460317460319
627.9682539682541
692.6349206349208
681.6349206349208
670.6349206349208
659.6349206349208
648.6349206349208
637.6349206349208
626.6349206349208
654.9682539682541
643.9682539682541
632.9682539682541
668.9682539682541
657.9682539682541
646.9682539682541
635.9682539682541
624.9682539682541
613.9682539682541
602.9682539682541
591.9682539682541
580.9682539682541
569.9682539682541
558.9682539682541
547.9682539682541
646.9682539682541
635.9682539682541
624.9682539682541
613.9682539682541
678.6349206349208
743.3015873015876
732.3015873015876
721.3015873015876
732.3015873015876
721.3015873015876
732.3015873015876
721.3015873015876
757.3015873015876
746.3015873015876
735.3015873015876
724.3015873015876
713.3015873015876
702.3015873015876
738.3015873015876
727.3015873015876
716.3015873015876
705.3015873015876
694.3015873015876
683.3015873015876
672.3015873015876
736.9682539682543
835.9682539682543
824.9682539682543
813.9682539682543
802.9682539682543
791.9682539682543
780.9682539682543
769.9682539682543
758.9682539682543
747.9682539682543
736.9682539682543
725.9682539682543
714.9682539682543
703.9682539682543
739.9682539682543
728.9682539682543
717.9682539682543
706.9682539682543
695.9682539682543
684.9682539682543
673.9682539682543
662.9682539682543
651.9682539682543
698.9682539682543
687.9682539682543
786.9682539682543
885.9682539682543
874.9682539682543
863.9682539682543
852.9682539682543
841.9682539682543
830.9682539682543
819.9682539682543
808.9682539682543
797.9682539682543
833.9682539682543
932.9682539682543
921.9682539682543
910.9682539682543
933.539682539683
998.2063492063497
987.2063492063497
976.2063492063497
965.2063492063497
976.2063492063497
965.2063492063497
1029.8730158730164
1018.8730158730164
1007.8730158730164
996.8730158730164
985.8730158730164
974.8730158730164
1073.8730158730164
1062.8730158730164
1051.8730158730164
1150.8730158730164
1139.8730158730164
1128.8730158730164
1175.8730158730164
1164.8730158730164
1153.8730158730164
1142.8730158730164
1131.8730158730164
1120.8730158730164
1109.8730158730164
1098.8730158730164
1087.8730158730164
1134.8730158730164
1123.8730158730164
1112.8730158730164
1101.8730158730164
1200.8730158730164
1299.8730158730164
1288.8730158730164
1277.8730158730164
1266.8730158730164
1255.8730158730164
1244.8730158730164
1233.8730158730164
1222.8730158730164
1211.8730158730164
1200.8730158730164
1189.8730158730164
1225.8730158730164
1214.8730158730164
1313.8730158730164
1302.8730158730164
1291.8730158730164
1356.5396825396829
1455.5396825396829
1520.2063492063494
1509.2063492063494
1498.2063492063494
1487.2063492063494
1476.2063492063494
1465.2063492063494
1454.2063492063494
1443.2063492063494
1542.2063492063494
1531.2063492063494
1520.2063492063494
1509.2063492063494
1498.2063492063494
1487.2063492063494
1476.2063492063494
1465.2063492063494
1454.2063492063494
1443.2063492063494
1432.2063492063494
1479.2063492063494
1468.2063492063494
1532.873015873016
1521.873015873016
1510.873015873016
1499.873015873016
1488.873015873016
1553.5396825396824
1542.5396825396824
1531.5396825396824
1520.5396825396824
1585.206349206349
1596.206349206349
1585.206349206349
1684.206349206349
1783.206349206349
1772.206349206349
1761.206349206349
1750.206349206349
1849.206349206349
1838.206349206349
1827.206349206349
1816.206349206349
1805.206349206349
1794.206349206349
1893.206349206349
1882.206349206349
1871.206349206349
1860.206349206349
1924.8730158730154
1913.8730158730154
1902.8730158730154
1891.8730158730154
1880.8730158730154
1869.8730158730154
1858.8730158730154
1847.8730158730154
1836.8730158730154
1825.8730158730154
1814.8730158730154
1803.8730158730154
1839.8730158730154
1828.8730158730154
1817.8730158730154
1806.8730158730154
1795.8730158730154
1860.539682539682
1849.539682539682
1838.539682539682
1827.539682539682
1816.539682539682
1805.539682539682
1794.539682539682
1783.539682539682
1848.2063492063485
1895.2063492063485
1884.2063492063485
1873.2063492063485
1862.2063492063485
1851.2063492063485
1840.2063492063485
1876.2063492063485
1865.2063492063485
1854.2063492063485
1843.2063492063485
1890.2063492063485
1879.2063492063485
1868.2063492063485
1857.2063492063485
1846.2063492063485
1835.2063492063485
1824.2063492063485
1813.2063492063485
1802.2063492063485
1791.2063492063485
1780.2063492063485
1769.2063492063485
1758.2063492063485
1857.2063492063485
1846.2063492063485
1835.2063492063485
1824.2063492063485
1813.2063492063485
1802.2063492063485
1791.2063492063485
1780.2063492063485
1769.2063492063485
1758.2063492063485
1776.2063492063485
1875.2063492063485
1864.2063492063485
1853.2063492063485
1842.2063492063485
1831.2063492063485
1820.2063492063485
1884.873015873015
1873.873015873015
1909.873015873015
1898.873015873015
1916.873015873015
1905.873015873015
1894.873015873015
1883.873015873015
1872.873015873015
1861.873015873015
1850.873015873015
1839.873015873015
1938.873015873015
2003.5396825396815
1992.5396825396815
1981.5396825396815
1970.5396825396815
1981.5396825396815
1970.5396825396815
1959.5396825396815
2024.206349206348
2013.206349206348
2049.206349206348
2038.206349206348
2102.873015873015
2091.873015873015
2138.873015873015
2127.873015873015
2116.873015873015
2105.873015873015
2094.873015873015
2083.873015873015
2072.873015873015
2061.873015873015
2126.539682539682
2115.539682539682
2104.539682539682
2093.539682539682
2158.206349206349
2147.206349206349
2136.206349206349
2125.206349206349
2224.206349206349
2213.206349206349
2202.206349206349
2191.206349206349
2180.206349206349
2169.206349206349
2158.206349206349
2257.206349206349
2246.206349206349
2235.206349206349
2224.206349206349
2238.4285714285716
2227.4285714285716
2216.4285714285716
2234.4285714285716
2223.4285714285716
2212.4285714285716
2201.4285714285716
2190.4285714285716
2213.0
2312.0
2301.0
2290.0
2279.0
2268.0
2257.0
2304.0
2293.0
2282.0
2271.0
2260.0
2249.0
2238.0
2227.0
2216.0
2205.0
2194.0
2183.0
2247.666666666667
2236.666666666667
2225.666666666667
2214.666666666667
2203.666666666667
2192.666666666667
2210.666666666667
2224.8888888888896
2213.8888888888896
2202.8888888888896
2191.8888888888896
2256.5555555555566
2303.5555555555566
2292.5555555555566
2281.5555555555566
2380.5555555555566
2369.5555555555566
2358.5555555555566
2347.5555555555566
2336.5555555555566
2435.5555555555566
2424.5555555555566
2413.5555555555566
2402.5555555555566
2391.5555555555566
2456.2222222222235
2445.2222222222235
2509.8888888888905
2574.5555555555575
2563.5555555555575
2552.5555555555575
2599.5555555555575
2588.5555555555575
2577.5555555555575
2566.5555555555575
2555.5555555555575
2544.5555555555575
2533.5555555555575
2522.5555555555575
2511.5555555555575
2500.5555555555575
2489.5555555555575
2478.5555555555575
2467.5555555555575
2456.5555555555575
2445.5555555555575
2544.5555555555575
2533.5555555555575
2556.126984126986
2545.126984126986
2534.126984126986
2570.126984126986
2669.126984126986
2658.126984126986
2647.126984126986
2636.126984126986
2625.126984126986
2614.126984126986
2632.126984126986
2621.126984126986
2610.126984126986
2599.126984126986
2635.126984126986
2624.126984126986
2613.126984126986
2602.126984126986
2591.126984126986
2580.126984126986
2569.126984126986
2605.126984126986
2594.126984126986
2583.126984126986
2572.126984126986
2561.126984126986
2579.126984126986
2568.126984126986
2557.126984126986
2546.126984126986
2535.126984126986
2524.126984126986
2513.126984126986
2502.126984126986
2491.126984126986
2480.126984126986
2469.126984126986
2458.126984126986
2494.126984126986
2483.126984126986
2472.126984126986
2461.126984126986
2450.126984126986
2439.126984126986
2428.126984126986
2417.126984126986
2406.126984126986
2395.126984126986
2384.126984126986
2373.126984126986
2472.126984126986
2461.126984126986
2489.460317460319
2478.460317460319
2543.126984126986
2532.126984126986
2521.126984126986
2510.126984126986
2609.126984126986
2598.126984126986
2587.126984126986
2576.126984126986
2565.126984126986
2554.126984126986
2543.126984126986
2532.126984126986
2596.793650793653
2661.46031746032
2650.46031746032
2639.46031746032
2628.46031746032
2617.46031746032
2606.46031746032
2629.0317460317483
2728.0317460317483
2717.0317460317483
2706.0317460317483
2695.0317460317483
2731.0317460317483
2749.0317460317483
2738.0317460317483
2727.0317460317483
2716.0317460317483
2705.0317460317483
2694.0317460317483
2758.6984126984153
2857.6984126984153
2868.6984126984153
2857.6984126984153
2846.6984126984153
2835.6984126984153
2824.6984126984153
2813.6984126984153
2842.0317460317483
2831.0317460317483
2820.0317460317483
2809.0317460317483
2798.0317460317483
2787.0317460317483
2776.0317460317483
2765.0317460317483
2754.0317460317483
2743.0317460317483
2842.0317460317483
2906.6984126984153
2895.6984126984153
2884.6984126984153
2873.6984126984153
2862.6984126984153
2851.6984126984153
2840.6984126984153
2829.6984126984153
2818.6984126984153
2807.6984126984153
2796.6984126984153
2785.6984126984153
2774.6984126984153
2763.6984126984153
2752.6984126984153
2741.6984126984153
2730.6984126984153
2719.6984126984153
2708.6984126984153
2697.6984126984153
2686.6984126984153
2675.6984126984153
2774.6984126984153
2763.6984126984153
2752.6984126984153
2741.6984126984153
