-11
-22
-33
-44
-55
-66
-77
-88
-70.0
-81.0
-92.0
-103.0
-114.0
-125.0
-136.0
-147.0
-124.42857142857143
-135.42857142857144
-146.42857142857144
-157.42857142857144
-168.42857142857144
-179.42857142857144
-190.42857142857144
-201.42857142857144
-178.8571428571429
-189.8571428571429
-200.8571428571429
-211.8571428571429
-222.8571428571429
-233.8571428571429
-244.8571428571429
-255.8571428571429
-266.8571428571429
-277.8571428571429
-288.8571428571429
-299.8571428571429
-310.8571428571429
-246.19047619047623
-257.19047619047626
-268.19047619047626
-279.19047619047626
-290.19047619047626
-301.19047619047626
-312.19047619047626
-247.5238095238096
-258.52380952380963
-269.52380952380963
-170.52380952380963
-71.52380952380963
-82.52380952380963
-93.52380952380963
-104.52380952380963
-5.523809523809632
-16.523809523809632
-27.523809523809632
-38.52380952380963
8.476190476190368
107.47619047619037
96.47619047619037
85.47619047619037
74.47619047619037
63.47619047619037
162.47619047619037
151.47619047619037
140.47619047619037
129.47619047619037
118.47619047619037
107.47619047619037
96.47619047619037
85.47619047619037
74.47619047619037
63.47619047619037
128.14285714285705
117.14285714285705
106.14285714285705
95.14285714285705
84.14285714285705
73.14285714285705
62.14285714285705
51.14285714285705
40.14285714285705
104.80952380952374
93.80952380952374
82.80952380952374
71.80952380952374
60.80952380952374
49.80952380952374
38.80952380952374
137.80952380952374
126.80952380952374
115.80952380952374
180.47619047619042
169.47619047619042
158.47619047619042
147.47619047619042
136.47619047619042
125.47619047619042
114.47619047619042
103.47619047619042
139.47619047619042
128.47619047619042
193.1428571428571
182.1428571428571
171.1428571428571
160.1428571428571
149.1428571428571
138.1428571428571
127.14285714285711
116.14285714285711
105.14285714285711
94.14285714285711
83.14285714285711
72.14285714285711
119.14285714285711
108.14285714285711
207.1428571428571
196.1428571428571
185.1428571428571
174.1428571428571
163.1428571428571
262.1428571428571
251.1428571428571
240.1428571428571
229.1428571428571
218.1428571428571
207.1428571428571
306.1428571428571
295.1428571428571
284.1428571428571
273.1428571428571
262.1428571428571
251.1428571428571
240.1428571428571
229.1428571428571
328.1428571428571
317.1428571428571
306.1428571428571
295.1428571428571
284.1428571428571
348.80952380952374
337.80952380952374
326.80952380952374
315.80952380952374
304.80952380952374
293.80952380952374
282.80952380952374
271.80952380952374
260.80952380952374
289.1428571428571
278.1428571428571
377.1428571428571
366.1428571428571
355.1428571428571
344.1428571428571
333.1428571428571
322.1428571428571
421.1428571428571
410.1428571428571
474.80952380952374
573.8095238095237
562.8095238095237
551.8095238095237
540.8095238095237
529.8095238095237
518.8095238095237
507.80952380952374
496.80952380952374
561.4761904761905
550.4761904761905
539.4761904761905
528.4761904761905
517.4761904761905
506.4761904761905
495.4761904761905
484.4761904761905
473.4761904761905
462.4761904761905
451.4761904761905
550.4761904761905
539.4761904761905
528.4761904761905
517.4761904761905
506.4761904761905
495.4761904761905
484.4761904761905
473.4761904761905
462.4761904761905
451.4761904761905
550.4761904761905
539.4761904761905
528.4761904761905
517.4761904761905
506.4761904761905
553.4761904761905
542.4761904761905
531.4761904761905
520.4761904761905
509.4761904761905
498.4761904761905
487.4761904761905
476.4761904761905
494.4761904761905
483.4761904761905
472.4761904761905
461.4761904761905
450.4761904761905
497.4761904761905
486.4761904761905
475.4761904761905
464.4761904761905
453.4761904761905
442.4761904761905
507.1428571428571
496.1428571428571
485.1428571428571
474.1428571428571
463.1428571428571
562.1428571428571
551.1428571428571
540.1428571428571
529.1428571428571
518.1428571428571
507.1428571428571
554.1428571428571
543.1428571428571
607.8095238095239
596.8095238095239
625.1428571428571
614.1428571428571
603.1428571428571
592.1428571428571
581.1428571428571
680.1428571428571
669.1428571428571
658.1428571428571
647.1428571428571
636.1428571428571
625.1428571428571
614.1428571428571
603.1428571428571
592.1428571428571
581.1428571428571
570.1428571428571
559.1428571428571
548.1428571428571
612.8095238095239
601.8095238095239
590.8095238095239
579.8095238095239
568.8095238095239
557.8095238095239
546.8095238095239
557.8095238095239
546.8095238095239
535.8095238095239
524.8095238095239
513.8095238095239
502.80952380952385
549.8095238095239
648.8095238095239
637.8095238095239
626.8095238095239
615.8095238095239
604.8095238095239
593.8095238095239
616.3809523809525
605.3809523809525
594.3809523809525
583.3809523809525
572.3809523809525
590.3809523809525
579.3809523809525
644.0476190476193
633.0476190476193
622.0476190476193
611.0476190476193
600.0476190476193
589.0476190476193
578.0476190476193
642.714285714286
631.714285714286
620.714285714286
609.714285714286
708.714285714286
697.714285714286
686.714285714286
675.714285714286
664.714285714286
653.714285714286
642.714285714286
631.714285714286
620.714285714286
656.714285714286
645.714285714286
634.714285714286
663.0476190476193
652.0476190476193
641.0476190476193
630.0476190476193
619.0476190476193
608.0476190476193
597.0476190476193
586.0476190476193
575.0476190476193
564.0476190476193
553.0476190476193
542.0476190476193
641.0476190476193
630.0476190476193
619.0476190476193
655.0476190476193
677.6190476190479
666.6190476190479
655.6190476190479
644.6190476190479
633.6190476190479
622.6190476190479
611.6190476190479
710.6190476190479
699.6190476190479
798.6190476190479
787.6190476190479
776.6190476190479
765.6190476190479
754.6190476190479
743.6190476190479
732.6190476190479
721.6190476190479
710.6190476190479
699.6190476190479
688.6190476190479
677.6190476190479
666.6190476190479
655.6190476190479
644.6190476190479
633.6190476190479
622.6190476190479
611.6190476190479
600.6190476190479
589.6190476190479
578.6190476190479
567.6190476190479
556.6190476190479
592.6190476190479
581.6190476190479
680.6190476190479
669.6190476190479
658.6190476190479
647.6190476190479
636.6190476190479
625.6190476190479
614.6190476190479
713.6190476190479
702.6190476190479
691.6190476190479
680.6190476190479
669.6190476190479
734.2857142857147
723.2857142857147
712.2857142857147
701.2857142857147
690.2857142857147
679.2857142857147
668.2857142857147
657.2857142857147
646.2857142857147
710.9523809523814
809.9523809523814
845.9523809523814
834.9523809523814
823.9523809523814
812.9523809523814
801.9523809523814
790.9523809523814
779.9523809523814
768.9523809523814
757.9523809523814
746.9523809523814
735.9523809523814
724.9523809523814
823.9523809523814
888.6190476190482
877.6190476190482
866.6190476190482
855.6190476190482
844.6190476190482
833.6190476190482
932.6190476190482
921.6190476190482
939.6190476190482
928.6190476190482
975.6190476190482
964.6190476190482
953.6190476190482
942.6190476190482
931.6190476190482
920.6190476190482
1019.6190476190482
1008.6190476190482
997.6190476190482
1020.1904761904768
1009.1904761904768
998.1904761904768
987.1904761904768
1034.1904761904768
1023.1904761904768
1012.1904761904768
1001.1904761904768
990.1904761904768
979.1904761904768
968.1904761904768
957.1904761904768
946.1904761904768
935.1904761904768
924.1904761904768
913.1904761904768
1012.1904761904768
1001.1904761904768
990.1904761904768
979.1904761904768
968.1904761904768
957.1904761904768
946.1904761904768
935.1904761904768
924.1904761904768
913.1904761904768
902.1904761904768
891.1904761904768
880.1904761904768
869.1904761904768
858.1904761904768
957.1904761904768
946.1904761904768
935.1904761904768
924.1904761904768
971.1904761904768
1070.1904761904768
1059.1904761904768
1048.1904761904768
1095.1904761904768
1084.1904761904768
1183.1904761904768
1172.1904761904768
1161.1904761904768
1150.1904761904768
1139.1904761904768
1128.1904761904768
1117.1904761904768
1106.1904761904768
1134.5238095238103
1233.5238095238103
1222.5238095238103
1211.5238095238103
1200.5238095238103
1189.5238095238103
1288.5238095238103
1277.5238095238103
1266.5238095238103
1277.5238095238103
1266.5238095238103
1313.5238095238103
1302.5238095238103
1291.5238095238103
1280.5238095238103
1269.5238095238103
1258.5238095238103
1247.5238095238103
1236.5238095238103
1272.5238095238103
1261.5238095238103
1250.5238095238103
1349.5238095238103
1338.5238095238103
1327.5238095238103
1316.5238095238103
1305.5238095238103
1294.5238095238103
1283.5238095238103
1382.5238095238103
1371.5238095238103
1394.0952380952388
1383.0952380952388
1372.0952380952388
1361.0952380952388
1383.6666666666672
1372.6666666666672
1383.6666666666672
1419.6666666666672
1408.6666666666672
1397.6666666666672
1386.6666666666672
1375.6666666666672
1364.6666666666672
1463.6666666666672
1452.6666666666672
1441.6666666666672
1540.6666666666672
1529.6666666666672
1518.6666666666672
1617.6666666666672
1606.6666666666672
1595.6666666666672
1584.6666666666672
1573.6666666666672
1562.6666666666672
1551.6666666666672
1540.6666666666672
1639.6666666666672
1628.6666666666672
1617.6666666666672
1606.6666666666672
1595.6666666666672
1584.6666666666672
1573.6666666666672
1562.6666666666672
1551.6666666666672
1540.6666666666672
1529.6666666666672
1518.6666666666672
1507.6666666666672
1496.6666666666672
1485.6666666666672
1474.6666666666672
1463.6666666666672
1562.6666666666672
1551.6666666666672
1540.6666666666672
1529.6666666666672
1518.6666666666672
1507.6666666666672
1496.6666666666672
1485.6666666666672
1474.6666666666672
1463.6666666666672
1452.6666666666672
1441.6666666666672
1430.6666666666672
1477.6666666666672
1466.6666666666672
1565.6666666666672
1664.6666666666672
1653.6666666666672
1642.6666666666672
1665.2380952380956
1654.2380952380956
1643.2380952380956
1632.2380952380956
1621.2380952380956
1610.2380952380956
1632.809523809524
1621.809523809524
1610.809523809524
1599.809523809524
1588.809523809524
1577.809523809524
1676.809523809524
1665.809523809524
1654.809523809524
1643.809523809524
1632.809523809524
1621.809523809524
1610.809523809524
1599.809523809524
1588.809523809524
1577.809523809524
1566.809523809524
1555.809523809524
1544.809523809524
1533.809523809524
1522.809523809524
1511.809523809524
1500.809523809524
1489.809523809524
1588.809523809524
1577.809523809524
1566.809523809524
1555.809523809524
1544.809523809524
1533.809523809524
1522.809523809524
1511.809523809524
1500.809523809524
1547.809523809524
1562.0317460317463
1661.0317460317463
1650.0317460317463
1639.0317460317463
1686.0317460317463
1675.0317460317463
1664.0317460317463
1653.0317460317463
1642.0317460317463
1631.0317460317463
1620.0317460317463
1684.6984126984128
1783.6984126984128
1772.6984126984128
1795.2698412698412
1784.2698412698412
1773.2698412698412
1762.2698412698412
1751.2698412698412
1740.2698412698412
1729.2698412698412
1718.2698412698412
1707.2698412698412
1696.2698412698412
1685.2698412698412
1784.2698412698412
1831.2698412698412
1820.2698412698412
1809.2698412698412
1798.2698412698412
1787.2698412698412
1776.2698412698412
1765.2698412698412
1864.2698412698412
1900.2698412698412
1889.2698412698412
1878.2698412698412
1867.2698412698412
1856.2698412698412
1845.2698412698412
1834.2698412698412
1870.2698412698412
1859.2698412698412
1848.2698412698412
1837.2698412698412
1936.2698412698412
1925.2698412698412
1914.2698412698412
1903.2698412698412
1892.2698412698412
1881.2698412698412
1870.2698412698412
1859.2698412698412
1848.2698412698412
1837.2698412698412
1826.2698412698412
1815.2698412698412
1833.2698412698412
1932.2698412698412
2031.2698412698412
2078.269841269841
2067.269841269841
2056.269841269841
2045.269841269841
2034.269841269841
2023.269841269841
2012.269841269841
2048.269841269841
2037.269841269841
2026.269841269841
2073.269841269841
2062.269841269841
2051.269841269841
2040.269841269841
2029.269841269841
2018.269841269841
2065.269841269841
2054.269841269841
2043.269841269841
2142.269841269841
2131.269841269841
2195.936507936508
2184.936507936508
2173.936507936508
2162.936507936508
2151.936507936508
2216.603174603175
2205.603174603175
2194.603174603175
2183.603174603175
2172.603174603175
2161.603174603175
2150.603174603175
2139.603174603175
2238.603174603175
2227.603174603175
2216.603174603175
2205.603174603175
2194.603174603175
2293.603174603175
2282.603174603175
2329.603174603175
2318.603174603175
2307.603174603175
2296.603174603175
2285.603174603175
2384.603174603175
2373.603174603175
2362.603174603175
2351.603174603175
2450.603174603175
2439.603174603175
2428.603174603175
2417.603174603175
2406.603174603175
2505.603174603175
2494.603174603175
2483.603174603175
2506.1746031746034
2495.1746031746034
2484.1746031746034
2473.1746031746034
2537.8412698412703
2526.8412698412703
2515.8412698412703
2504.8412698412703
2603.8412698412703
2592.8412698412703
2639.8412698412703
2628.8412698412703
2617.8412698412703
2716.8412698412703
2705.8412698412703
2694.8412698412703
2683.8412698412703
2672.8412698412703
2771.8412698412703
2807.8412698412703
2830.412698412699
2819.412698412699
2808.412698412699
2797.412698412699
2819.984126984127
2808.984126984127
2797.984126984127
2786.984126984127
2775.984126984127
2764.984126984127
2829.650793650794
2818.650793650794
2807.650793650794
2796.650793650794
2785.650793650794
2774.650793650794
2763.650793650794
2828.317460317461
2817.317460317461
2806.317460317461
2795.317460317461
2784.317460317461
2883.317460317461
2872.317460317461
2861.317460317461
2960.317460317461
2949.317460317461
2938.317460317461
2927.317460317461
