-11
-22
-33
-44
-55
-66
-77
-88
-99
-110
-121
-132
-143
-154
-165
-176
-187
-198
-209
-220
-231
-242
-253
-264
-275
-286
-297
-308
-319
-330
-341
-352
-363
-374
-385
-338.0
-349.0
-360.0
-371.0
-382.0
-393.0
-404.0
-415.0
-426.0
-437.0
-448.0
-419.66666666666663
-430.66666666666663
-441.66666666666663
-452.66666666666663
-463.66666666666663
-364.66666666666663
-375.66666666666663
-386.66666666666663
-397.66666666666663
-361.66666666666663
-372.66666666666663
-383.66666666666663
-394.66666666666663
-405.66666666666663
-416.66666666666663
-427.66666666666663
-438.66666666666663
-449.66666666666663
-460.66666666666663
-471.66666666666663
-482.66666666666663
-493.66666666666663
-504.66666666666663
-515.6666666666666
-526.6666666666666
-537.6666666666666
-548.6666666666666
-559.6666666666666
-460.66666666666663
-471.66666666666663
-482.66666666666663
-493.66666666666663
-504.66666666666663
-493.66666666666663
-504.66666666666663
-515.6666666666666
-526.6666666666666
-537.6666666666666
-548.6666666666666
-559.6666666666666
-570.6666666666666
-581.6666666666666
-516.9999999999999
-527.9999999999999
-538.9999999999999
-549.9999999999999
-560.9999999999999
-571.9999999999999
-582.9999999999999
-535.9999999999999
-546.9999999999999
-557.9999999999999
-568.9999999999999
-579.9999999999999
-590.9999999999999
-601.9999999999999
-612.9999999999999
-623.9999999999999
-634.9999999999999
-645.9999999999999
-656.9999999999999
-667.9999999999999
-678.9999999999999
-689.9999999999999
-700.9999999999999
-711.9999999999999
-722.9999999999999
-733.9999999999999
-744.9999999999999
-755.9999999999999
-766.9999999999999
-777.9999999999999
-788.9999999999999
-799.9999999999999
-781.9999999999999
-792.9999999999999
-803.9999999999999
-814.9999999999999
-825.9999999999999
-836.9999999999999
-847.9999999999999
-858.9999999999999
-869.9999999999999
-880.9999999999999
-891.9999999999999
-902.9999999999999
-913.9999999999999
-924.9999999999999
-935.9999999999999
-946.9999999999999
-957.9999999999999
-968.9999999999999
-979.9999999999999
-880.9999999999999
-891.9999999999999
-902.9999999999999
-913.9999999999999
-924.9999999999999
-935.9999999999999
-907.6666666666666
-918.6666666666666
-929.6666666666666
-940.6666666666666
-951.6666666666666
-962.6666666666666
-973.6666666666666
-984.6666666666666
-995.6666666666666
-1006.6666666666666
-1017.6666666666666
-1028.6666666666665
-1039.6666666666665
-1050.6666666666665
-1061.6666666666665
-1072.6666666666665
-1083.6666666666665
-1094.6666666666665
-1105.6666666666665
-1116.6666666666665
-1127.6666666666665
-1138.6666666666665
-1102.6666666666665
-1113.6666666666665
-1124.6666666666665
-1135.6666666666665
-1146.6666666666665
-1118.333333333333
-1129.333333333333
-1140.333333333333
-1151.333333333333
-1162.333333333333
-1173.333333333333
-1184.333333333333
-1195.333333333333
-1206.333333333333
-1217.333333333333
-1181.333333333333
-1192.333333333333
-1203.333333333333
-1214.333333333333
-1225.333333333333
-1236.333333333333
-1247.333333333333
-1258.333333333333
-1269.333333333333
-1280.333333333333
-1181.333333333333
-1192.333333333333
-1203.333333333333
-1180.7619047619046
-1191.7619047619046
-1169.1904761904761
-1180.1904761904761
-1191.1904761904761
-1202.1904761904761
-1213.1904761904761
-1224.1904761904761
-1235.1904761904761
-1246.1904761904761
-1257.1904761904761
-1268.1904761904761
-1279.1904761904761
-1290.1904761904761
-1301.1904761904761
-1312.1904761904761
-1323.1904761904761
-1334.1904761904761
-1345.1904761904761
-1316.8571428571427
-1327.8571428571427
-1228.8571428571427
-1239.8571428571427
-1250.8571428571427
-1261.8571428571427
-1272.8571428571427
-1283.8571428571427
-1294.8571428571427
-1305.8571428571427
-1316.8571428571427
-1327.8571428571427
-1338.8571428571427
-1349.8571428571427
-1360.8571428571427
-1371.8571428571427
-1382.8571428571427
-1393.8571428571427
-1404.8571428571427
-1390.6349206349205
-1401.6349206349205
-1412.6349206349205
-1423.6349206349205
-1409.4126984126983
-1420.4126984126983
-1431.4126984126983
-1442.4126984126983
-1453.4126984126983
-1464.4126984126983
-1475.4126984126983
-1439.4126984126983
-1450.4126984126983
-1461.4126984126983
-1472.4126984126983
-1483.4126984126983
-1494.4126984126983
-1505.4126984126983
-1516.4126984126983
-1527.4126984126983
-1538.4126984126983
-1520.4126984126983
-1531.4126984126983
-1542.4126984126983
-1553.4126984126983
-1564.4126984126983
-1541.8412698412699
-1552.8412698412699
-1563.8412698412699
-1574.8412698412699
-1585.8412698412699
-1596.8412698412699
-1607.8412698412699
-1618.8412698412699
-1629.8412698412699
-1640.8412698412699
-1612.5079365079364
-1623.5079365079364
-1634.5079365079364
-1645.5079365079364
-1656.5079365079364
-1667.5079365079364
-1678.5079365079364
-1689.5079365079364
-1700.5079365079364
-1711.5079365079364
-1722.5079365079364
-1733.5079365079364
-1744.5079365079364
-1755.5079365079364
-1766.5079365079364
-1777.5079365079364
-1788.5079365079364
-1799.5079365079364
-1810.5079365079364
-1821.5079365079364
-1832.5079365079364
-1843.5079365079364
-1854.5079365079364
-1865.5079365079364
-1876.5079365079364
-1887.5079365079364
-1898.5079365079364
-1909.5079365079364
-1920.5079365079364
-1931.5079365079364
-1832.5079365079364
-1843.5079365079364
-1854.5079365079364
-1865.5079365079364
-1876.5079365079364
-1887.5079365079364
-1898.5079365079364
-1909.5079365079364
-1920.5079365079364
-1931.5079365079364
-1942.5079365079364
-1953.5079365079364
-1964.5079365079364
-1899.8412698412699
-1910.8412698412699
-1921.8412698412699
-1932.8412698412699
-1943.8412698412699
-1954.8412698412699
-1965.8412698412699
-1918.8412698412699
-1929.8412698412699
-1940.8412698412699
-1951.8412698412699
-1962.8412698412699
-1973.8412698412699
-1984.8412698412699
-1995.8412698412699
-2006.8412698412699
-1992.6190476190477
-2003.6190476190477
-2014.6190476190477
-2025.6190476190477
-2036.6190476190477
-2018.6190476190477
-2029.6190476190477
-2040.6190476190477
-2051.6190476190477
-2062.6190476190477
-2073.6190476190477
-2084.6190476190477
-2095.6190476190477
-2106.6190476190477
-2078.2857142857147
-2089.2857142857147
-2100.2857142857147
-2111.2857142857147
-2122.2857142857147
-2075.2857142857147
-2086.2857142857147
-2097.2857142857147
-2108.2857142857147
-2119.2857142857147
-2130.2857142857147
-2141.2857142857147
-2112.9523809523816
-2123.9523809523816
-2109.730158730159
-2120.730158730159
-2092.396825396826
-2103.396825396826
-2114.396825396826
-2125.396825396826
-2136.396825396826
-2147.396825396826
-2158.396825396826
-2169.396825396826
-2180.396825396826
-2191.396825396826
-2202.396825396826
-2213.396825396826
-2224.396825396826
-2235.396825396826
-2246.396825396826
-2199.396825396826
-2210.396825396826
-2221.396825396826
-2232.396825396826
-2243.396825396826
-2254.396825396826
-2265.396825396826
-2276.396825396826
-2287.396825396826
-2222.730158730159
-2233.730158730159
-2244.730158730159
-2255.730158730159
-2266.730158730159
-2277.730158730159
-2249.396825396826
-2260.396825396826
-2271.396825396826
-2282.396825396826
-2293.396825396826
-2304.396825396826
-2315.396825396826
-2268.396825396826
-2279.396825396826
-2290.396825396826
-2301.396825396826
-2312.396825396826
-2323.396825396826
-2334.396825396826
-2345.396825396826
-2356.396825396826
-2367.396825396826
-2378.396825396826
-2389.396825396826
-2400.396825396826
-2411.396825396826
-2422.396825396826
-2433.396825396826
-2444.396825396826
-2455.396825396826
-2466.396825396826
-2477.396825396826
-2488.396825396826
-2499.396825396826
-2510.396825396826
-2521.396825396826
-2532.396825396826
-2543.396825396826
-2554.396825396826
-2565.396825396826
-2542.8253968253975
-2553.8253968253975
-2564.8253968253975
-2575.8253968253975
-2586.8253968253975
-2597.8253968253975
-2608.8253968253975
-2619.8253968253975
-2630.8253968253975
-2583.8253968253975
-2594.8253968253975
-2580.603174603175
-2591.603174603175
-2602.603174603175
-2613.603174603175
-2624.603174603175
-2635.603174603175
-2646.603174603175
-2657.603174603175
-2668.603174603175
-2679.603174603175
-2690.603174603175
-2701.603174603175
-2712.603174603175
-2723.603174603175
-2734.603174603175
-2745.603174603175
-2756.603174603175
-2767.603174603175
-2753.3809523809523
-2764.3809523809523
-2775.3809523809523
-2786.3809523809523
-2797.3809523809523
-2808.3809523809523
-2819.3809523809523
-2830.3809523809523
-2841.3809523809523
-2852.3809523809523
-2863.3809523809523
-2874.3809523809523
-2885.3809523809523
-2896.3809523809523
-2907.3809523809523
-2918.3809523809523
-2929.3809523809523
-2940.3809523809523
-2951.3809523809523
-2915.3809523809523
-2926.3809523809523
-2898.0476190476193
-2909.0476190476193
-2844.3809523809523
-2855.3809523809523
-2866.3809523809523
-2877.3809523809523
-2888.3809523809523
-2899.3809523809523
-2800.3809523809523
-2811.3809523809523
-2800.3809523809523
-2811.3809523809523
-2822.3809523809523
-2833.3809523809523
-2844.3809523809523
-2855.3809523809523
-2866.3809523809523
-2819.3809523809523
-2830.3809523809523
-2841.3809523809523
-2852.3809523809523
-2863.3809523809523
-2874.3809523809523
-2885.3809523809523
-2786.3809523809523
-2763.809523809524
-2774.809523809524
-2785.809523809524
-2796.809523809524
-2807.809523809524
-2818.809523809524
-2829.809523809524
-2840.809523809524
-2851.809523809524
-2862.809523809524
-2873.809523809524
-2884.809523809524
-2895.809523809524
-2906.809523809524
-2917.809523809524
-2928.809523809524
-2939.809523809524
-2950.809523809524
-2932.809523809524
-2943.809523809524
-2954.809523809524
-2965.809523809524
-2976.809523809524
-2987.809523809524
-2998.809523809524
-3009.809523809524
-3020.809523809524
-3031.809523809524
-2984.809523809524
-2995.809523809524
-2896.809523809524
-2868.476190476191
-2879.476190476191
-2890.476190476191
-2901.476190476191
-2912.476190476191
-2923.476190476191
-2934.476190476191
-2945.476190476191
-2956.476190476191
-2967.476190476191
-2978.476190476191
-2989.476190476191
-3000.476190476191
-3011.476190476191
-3022.476190476191
-3033.476190476191
-3044.476190476191
-3055.476190476191
-3066.476190476191
-3077.476190476191
-3088.476190476191
-3099.476190476191
-3110.476190476191
-3063.476190476191
-3074.476190476191
-3085.476190476191
-3049.476190476191
-3060.476190476191
-3071.476190476191
-3082.476190476191
-3093.476190476191
-3104.476190476191
-3115.476190476191
-3126.476190476191
-3137.476190476191
-3148.476190476191
-3159.476190476191
-3170.476190476191
-3181.476190476191
-3192.476190476191
-3203.476190476191
-3214.476190476191
-3225.476190476191
-3236.476190476191
-3247.476190476191
-3233.253968253968
-3222.253968253968
-3233.253968253968
-3168.587301587301
-3179.587301587301
-3190.587301587301
-3154.587301587301
-3165.587301587301
-3176.587301587301
-3187.587301587301
-3198.587301587301
-3209.587301587301
-3220.587301587301
-3231.587301587301
-3242.587301587301
-3253.587301587301
-3225.253968253968
-3236.253968253968
-3247.253968253968
-3258.253968253968
-3269.253968253968
-3280.253968253968
-3291.253968253968
-3192.253968253968
-3145.253968253968
-3156.253968253968
-3167.253968253968
-3178.253968253968
-3189.253968253968
-3200.253968253968
-3211.253968253968
-3222.253968253968
-3233.253968253968
-3244.253968253968
-3255.253968253968
-3266.253968253968
-3277.253968253968
-3288.253968253968
-3299.253968253968
-3310.253968253968
-3321.253968253968
-3332.253968253968
-3309.6825396825398
-3320.6825396825398
-3331.6825396825398
-3342.6825396825398
-3353.6825396825398
-3364.6825396825398
-3375.6825396825398
-3386.6825396825398
-3397.6825396825398
-3408.6825396825398
-3419.6825396825398
-3430.6825396825398
-3441.6825396825398
-3452.6825396825398
-3463.6825396825398
-3474.6825396825398
-3485.6825396825398
-3496.6825396825398
-3507.6825396825398
-3518.6825396825398
-3529.6825396825398
-3540.6825396825398
-3551.6825396825398
-3562.6825396825398
-3573.6825396825398
-3584.6825396825398
-3595.6825396825398
-3606.6825396825398
-3617.6825396825398
-3628.6825396825398
-3639.6825396825398
-3650.6825396825398
-3551.6825396825398
-3562.6825396825398
-3573.6825396825398
-3584.6825396825398
-3595.6825396825398
-3606.6825396825398
-3617.6825396825398
-3628.6825396825398
-3610.6825396825398
-3621.6825396825398
-3632.6825396825398
-3643.6825396825398
-3621.1111111111113
-3632.1111111111113
-3643.1111111111113
-3654.1111111111113
-3665.1111111111113
-3676.1111111111113
-3687.1111111111113
-3698.1111111111113
-3683.8888888888887
-3694.8888888888887
-3705.8888888888887
-3716.8888888888887
-3727.8888888888887
-3738.8888888888887
-3749.8888888888887
-3760.8888888888887
-3771.8888888888887
-3782.8888888888887
-3793.8888888888887
-3804.8888888888887
-3793.8888888888887
-3694.8888888888887
-3705.8888888888887
-3677.5555555555557
-3688.5555555555557
-3699.5555555555557
-3710.5555555555557
-3721.5555555555557
-3732.5555555555557
-3743.5555555555557
-3754.5555555555557
-3765.5555555555557
-3718.5555555555557
-3729.5555555555557
-3740.5555555555557
-3751.5555555555557
