-11
-22
-33
-44
-55
-66
-77
-88
-99
-110
-45.33333333333332
-9.333333333333321
-20.33333333333332
-31.33333333333332
-42.33333333333332
-53.33333333333332
-64.33333333333331
-75.33333333333331
-86.33333333333331
-97.33333333333331
-108.33333333333331
-119.33333333333331
-130.33333333333331
-141.33333333333331
-152.33333333333331
-163.33333333333331
-116.33333333333331
-80.33333333333331
-91.33333333333331
-102.33333333333331
-113.33333333333331
-84.99999999999997
-95.99999999999997
-106.99999999999997
-117.99999999999997
-128.99999999999997
-139.99999999999997
-150.99999999999997
-161.99999999999997
-172.99999999999997
-183.99999999999997
-194.99999999999997
-205.99999999999997
-216.99999999999997
-227.99999999999997
-238.99999999999997
-249.99999999999997
-261.0
-272.0
-283.0
-294.0
-305.0
-316.0
-327.0
-338.0
-349.0
-360.0
-371.0
-382.0
-393.0
-404.0
-415.0
-426.0
-437.0
-448.0
-459.0
-470.0
-481.0
-492.0
-503.0
-514.0
-525.0
-536.0
-437.0
-448.0
-459.0
-470.0
-481.0
-492.0
-503.0
-514.0
-525.0
-536.0
-513.4285714285713
-524.4285714285713
-535.4285714285713
-546.4285714285713
-557.4285714285713
-568.4285714285713
-579.4285714285713
-590.4285714285713
-601.4285714285713
-612.4285714285713
-623.4285714285713
-634.4285714285713
-606.0952380952381
-617.0952380952381
-628.0952380952381
-639.0952380952381
-650.0952380952381
-661.0952380952381
-672.0952380952381
-683.0952380952381
-694.0952380952381
-705.0952380952381
-716.0952380952381
-727.0952380952381
-738.0952380952381
-749.0952380952381
-760.0952380952381
-771.0952380952381
-782.0952380952381
-793.0952380952381
-804.0952380952381
-815.0952380952381
-826.0952380952381
-837.0952380952381
-848.0952380952381
-859.0952380952381
-870.0952380952381
-881.0952380952381
-892.0952380952381
-874.0952380952381
-885.0952380952381
-896.0952380952381
-907.0952380952381
-918.0952380952381
-929.0952380952381
-940.0952380952381
-951.0952380952381
-962.0952380952381
-947.8730158730159
-958.8730158730159
-969.8730158730159
-980.8730158730159
-944.8730158730159
-955.8730158730159
-966.8730158730159
-977.8730158730159
-988.8730158730159
-999.8730158730159
-1010.8730158730159
-1021.8730158730159
-1032.873015873016
-1043.873015873016
-1054.873015873016
-1065.873015873016
-1076.873015873016
-1087.873015873016
-1098.873015873016
-1109.873015873016
-1095.6507936507937
-1106.6507936507937
-1059.6507936507937
-1070.6507936507937
-1081.6507936507937
-1092.6507936507937
-1103.6507936507937
-1114.6507936507937
-1092.0793650793653
-1103.0793650793653
-1114.0793650793653
-1125.0793650793653
-1136.0793650793653
-1147.0793650793653
-1158.0793650793653
-1059.0793650793653
-1070.0793650793653
-1081.0793650793653
-1092.0793650793653
-1103.0793650793653
-1114.0793650793653
-1099.8571428571431
-1110.8571428571431
-1121.8571428571431
-1132.8571428571431
-1143.8571428571431
-1154.8571428571431
-1165.8571428571431
-1176.8571428571431
-1187.8571428571431
-1198.8571428571431
-1209.8571428571431
-1220.8571428571431
-1231.8571428571431
-1195.8571428571431
-1206.8571428571431
-1217.8571428571431
-1189.5238095238096
-1200.5238095238096
-1211.5238095238096
-1222.5238095238096
-1233.5238095238096
-1244.5238095238096
-1255.5238095238096
-1266.5238095238096
-1277.5238095238096
-1288.5238095238096
-1299.5238095238096
-1310.5238095238096
-1321.5238095238096
-1332.5238095238096
-1343.5238095238096
-1354.5238095238096
-1365.5238095238096
-1376.5238095238096
-1387.5238095238096
-1398.5238095238096
-1409.5238095238096
-1420.5238095238096
-1431.5238095238096
-1442.5238095238096
-1453.5238095238096
-1464.5238095238096
-1475.5238095238096
-1486.5238095238096
-1497.5238095238096
-1508.5238095238096
-1519.5238095238096
-1530.5238095238096
-1519.5238095238096
-1530.5238095238096
-1541.5238095238096
-1552.5238095238096
-1563.5238095238096
-1574.5238095238096
-1585.5238095238096
-1596.5238095238096
-1607.5238095238096
-1618.5238095238096
-1629.5238095238096
-1640.5238095238096
-1651.5238095238096
-1604.5238095238096
-1615.5238095238096
-1626.5238095238096
-1637.5238095238096
-1648.5238095238096
-1659.5238095238096
-1670.5238095238096
-1681.5238095238096
-1692.5238095238096
-1703.5238095238096
-1714.5238095238096
-1725.5238095238096
-1736.5238095238096
-1747.5238095238096
-1736.5238095238096
-1747.5238095238096
-1758.5238095238096
-1659.5238095238096
-1670.5238095238096
-1681.5238095238096
-1692.5238095238096
-1703.5238095238096
-1714.5238095238096
-1725.5238095238096
-1736.5238095238096
-1747.5238095238096
-1758.5238095238096
-1769.5238095238096
-1780.5238095238096
-1791.5238095238096
-1802.5238095238096
-1766.5238095238096
-1777.5238095238096
-1788.5238095238096
-1760.1904761904761
-1771.1904761904761
-1782.1904761904761
-1793.1904761904761
-1804.1904761904761
-1815.1904761904761
-1826.1904761904761
-1837.1904761904761
-1848.1904761904761
-1859.1904761904761
-1870.1904761904761
-1881.1904761904761
-1892.1904761904761
-1863.8571428571427
-1874.8571428571427
-1885.8571428571427
-1896.8571428571427
-1907.8571428571427
-1918.8571428571427
-1929.8571428571427
-1940.8571428571427
-1951.8571428571427
-1962.8571428571427
-1973.8571428571427
-1984.8571428571427
-1995.8571428571427
-2006.8571428571427
-2017.8571428571427
-2028.8571428571427
-2039.8571428571427
-2021.8571428571427
-2032.8571428571427
-2043.8571428571427
-2054.8571428571427
-2065.8571428571427
-2076.8571428571427
-2048.5238095238096
-2037.5238095238096
-2048.5238095238096
-2059.5238095238096
-2070.5238095238096
-2081.5238095238096
-2092.5238095238096
-2103.5238095238096
-2114.5238095238096
-2125.5238095238096
-2136.5238095238096
-2147.5238095238096
-2082.8571428571427
-2093.8571428571427
-2104.8571428571427
-2115.8571428571427
-2126.8571428571427
-2137.8571428571427
-2148.8571428571427
-2159.8571428571427
-2170.8571428571427
-2181.8571428571427
-2192.8571428571427
-2203.8571428571427
-2214.8571428571427
-2225.8571428571427
-2236.8571428571427
-2247.8571428571427
-2258.8571428571427
-2269.8571428571427
-2280.8571428571427
-2216.1904761904757
-2227.1904761904757
-2238.1904761904757
-2220.1904761904757
-2231.1904761904757
-2242.1904761904757
-2253.1904761904757
-2264.1904761904757
-2165.1904761904757
-2176.1904761904757
-2187.1904761904757
-2140.1904761904757
-2151.1904761904757
-2162.1904761904757
-2173.1904761904757
-2184.1904761904757
-2195.1904761904757
-2206.1904761904757
-2217.1904761904757
-2228.1904761904757
-2239.1904761904757
-2250.1904761904757
-2261.1904761904757
-2272.1904761904757
-2283.1904761904757
-2294.1904761904757
-2305.1904761904757
-2316.1904761904757
-2327.1904761904757
-2338.1904761904757
-2349.1904761904757
-2360.1904761904757
-2371.1904761904757
-2382.1904761904757
-2393.1904761904757
-2364.8571428571427
-2342.285714285714
-2353.285714285714
-2306.285714285714
-2317.285714285714
-2328.285714285714
-2339.285714285714
-2350.285714285714
-2303.285714285714
-2314.285714285714
-2325.285714285714
-2336.285714285714
-2347.285714285714
-2358.285714285714
-2369.285714285714
-2322.285714285714
-2333.285714285714
-2344.285714285714
-2355.285714285714
-2366.285714285714
-2377.285714285714
-2278.285714285714
-2289.285714285714
-2300.285714285714
-2311.285714285714
-2322.285714285714
-2333.285714285714
-2344.285714285714
-2355.285714285714
-2366.285714285714
-2377.285714285714
-2388.285714285714
-2399.285714285714
-2410.285714285714
-2421.285714285714
-2407.0634920634916
-2418.0634920634916
-2429.0634920634916
-2440.0634920634916
-2451.0634920634916
-2462.0634920634916
-2473.0634920634916
-2484.0634920634916
-2495.0634920634916
-2506.0634920634916
-2517.0634920634916
-2528.0634920634916
-2539.0634920634916
-2550.0634920634916
-2561.0634920634916
-2572.0634920634916
-2554.0634920634916
-2565.0634920634916
-2542.492063492063
-2553.492063492063
-2564.492063492063
-2575.492063492063
-2586.492063492063
-2597.492063492063
-2608.492063492063
-2619.492063492063
-2630.492063492063
-2565.825396825396
-2576.825396825396
-2587.825396825396
-2523.158730158729
-2534.158730158729
-2545.158730158729
-2556.158730158729
-2567.158730158729
-2578.158730158729
-2589.158730158729
-2600.158730158729
-2611.158730158729
-2622.158730158729
-2633.158730158729
-2644.158730158729
-2655.158730158729
-2666.158730158729
-2677.158730158729
-2688.158730158729
-2699.158730158729
-2710.158730158729
-2681.825396825396
-2692.825396825396
-2703.825396825396
-2714.825396825396
-2725.825396825396
-2736.825396825396
-2747.825396825396
-2758.825396825396
-2769.825396825396
-2780.825396825396
-2791.825396825396
-2755.825396825396
-2766.825396825396
-2777.825396825396
-2788.825396825396
-2799.825396825396
-2810.825396825396
-2821.825396825396
-2832.825396825396
-2843.825396825396
-2854.825396825396
-2832.2539682539677
-2843.2539682539677
-2854.2539682539677
-2865.2539682539677
-2876.2539682539677
-2887.2539682539677
-2898.2539682539677
-2909.2539682539677
-2862.2539682539677
-2873.2539682539677
-2884.2539682539677
-2895.2539682539677
-2906.2539682539677
-2917.2539682539677
-2928.2539682539677
-2939.2539682539677
-2950.2539682539677
-2961.2539682539677
-2972.2539682539677
-2983.2539682539677
-2994.2539682539677
-3005.2539682539677
-3016.2539682539677
-3027.2539682539677
-3038.2539682539677
-3049.2539682539677
-3060.2539682539677
-3071.2539682539677
-3082.2539682539677
-3093.2539682539677
-3104.2539682539677
-3115.2539682539677
-3126.2539682539677
-3090.2539682539677
-3101.2539682539677
-3112.2539682539677
-3123.2539682539677
-3134.2539682539677
-3145.2539682539677
-3156.2539682539677
-3167.2539682539677
-3178.2539682539677
-3189.2539682539677
-3200.2539682539677
-3211.2539682539677
-3222.2539682539677
-3233.2539682539677
-3197.2539682539677
-3208.2539682539677
-3179.9206349206347
-3190.9206349206347
-3201.9206349206347
-3137.2539682539677
-3148.2539682539677
-3159.2539682539677
-3170.2539682539677
-3181.2539682539677
-3192.2539682539677
-3203.2539682539677
-3214.2539682539677
-3225.2539682539677
-3236.2539682539677
-3247.2539682539677
-3258.2539682539677
-3269.2539682539677
-3280.2539682539677
-3291.2539682539677
-3302.2539682539677
-3313.2539682539677
-3295.2539682539677
-3306.2539682539677
-3317.2539682539677
-3328.2539682539677
-3339.2539682539677
-3350.2539682539677
-3336.031746031745
-3347.031746031745
-3358.031746031745
-3369.031746031745
-3380.031746031745
-3391.031746031745
-3402.031746031745
-3413.031746031745
-3424.031746031745
-3435.031746031745
-3446.031746031745
-3457.031746031745
-3468.031746031745
-3479.031746031745
-3490.031746031745
-3501.031746031745
-3512.031746031745
-3489.4603174603167
-3500.4603174603167
-3511.4603174603167
-3522.4603174603167
-3504.4603174603167
-3515.4603174603167
-3526.4603174603167
-3537.4603174603167
-3548.4603174603167
-3559.4603174603167
-3570.4603174603167
-3581.4603174603167
-3592.4603174603167
-3603.4603174603167
-3614.4603174603167
-3625.4603174603167
-3636.4603174603167
-3647.4603174603167
-3658.4603174603167
-3669.4603174603167
-3680.4603174603167
-3666.238095238094
-3677.238095238094
-3663.0158730158714
-3674.0158730158714
-3685.0158730158714
-3696.0158730158714
-3707.0158730158714
-3718.0158730158714
-3729.0158730158714
-3740.0158730158714
-3751.0158730158714
-3762.0158730158714
-3744.0158730158714
-3755.0158730158714
-3766.0158730158714
-3777.0158730158714
-3788.0158730158714
-3799.0158730158714
-3810.0158730158714
-3821.0158730158714
-3774.0158730158714
-3785.0158730158714
-3720.3492063492045
-3709.3492063492045
-3720.3492063492045
-3731.3492063492045
-3666.6825396825375
-3677.6825396825375
-3688.6825396825375
-3699.6825396825375
-3710.6825396825375
-3721.6825396825375
-3732.6825396825375
-3743.6825396825375
-3754.6825396825375
-3765.6825396825375
-3776.6825396825375
-3787.6825396825375
-3798.6825396825375
-3770.3492063492045
-3781.3492063492045
-3792.3492063492045
-3803.3492063492045
-3814.3492063492045
-3825.3492063492045
-3836.3492063492045
-3847.3492063492045
-3858.3492063492045
-3869.3492063492045
-3846.777777777776
-3857.777777777776
-3868.777777777776
-3879.777777777776
-3890.777777777776
-3901.777777777776
-3879.2063492063476
-3890.2063492063476
-3901.2063492063476
-3912.2063492063476
-3923.2063492063476
-3934.2063492063476
-3945.2063492063476
-3956.2063492063476
-3938.2063492063476
-3902.2063492063476
-3913.2063492063476
-3924.2063492063476
-3935.2063492063476
-3946.2063492063476
-3957.2063492063476
-3968.2063492063476
-3979.2063492063476
-3990.2063492063476
-4001.2063492063476
-4012.2063492063476
-4023.2063492063476
-4034.2063492063476
-4045.2063492063476
-4056.2063492063476
-4067.2063492063476
-4078.2063492063476
-4089.2063492063476
-4100.206349206348
-4111.206349206348
-4122.206349206348
-4133.206349206348
-4118.984126984125
-4129.984126984125
-4140.984126984125
-4151.984126984125
-4162.984126984125
-4173.984126984125
-4184.984126984125
-4195.984126984125
-4206.984126984125
-4217.984126984125
-4228.984126984125
-4239.984126984125
-4250.984126984125
-4261.984126984125
-4272.984126984125
-4283.984126984125
-4294.984126984125
-4305.984126984125
-4316.984126984125
