-11
-22
-33
-44
-55
-66
-77
-12.333333333333329
-23.33333333333333
-34.33333333333333
-45.33333333333333
-56.33333333333333
-67.33333333333333
-78.33333333333333
-67.33333333333333
-78.33333333333333
-89.33333333333333
-100.33333333333333
-111.33333333333333
-122.33333333333333
-133.33333333333331
-144.33333333333331
-155.33333333333331
-166.33333333333331
-177.33333333333331
-188.33333333333331
-199.33333333333331
-210.33333333333331
-221.33333333333331
-232.33333333333331
-243.33333333333331
-254.33333333333331
-265.3333333333333
-276.3333333333333
-287.3333333333333
-298.3333333333333
-309.3333333333333
-295.11111111111114
-306.11111111111114
-317.11111111111114
-328.11111111111114
-339.11111111111114
-350.11111111111114
-361.11111111111114
-372.11111111111114
-383.11111111111114
-394.11111111111114
-405.11111111111114
-416.11111111111114
-427.11111111111114
-438.11111111111114
-402.11111111111114
-413.11111111111114
-424.11111111111114
-435.11111111111114
-446.11111111111114
-457.11111111111114
-468.11111111111114
-479.11111111111114
-490.11111111111114
-501.11111111111114
-512.1111111111111
-523.1111111111111
-534.1111111111111
-545.1111111111111
-556.1111111111111
-567.1111111111111
-578.1111111111111
-589.1111111111111
-600.1111111111111
-611.1111111111111
-622.1111111111111
-633.1111111111111
-644.1111111111111
-655.1111111111111
-666.1111111111111
-677.1111111111111
-688.1111111111111
-699.1111111111111
-710.1111111111111
-721.1111111111111
-732.1111111111111
-743.1111111111111
-754.1111111111111
-765.1111111111111
-776.1111111111111
-787.1111111111111
-798.1111111111111
-809.1111111111111
-820.1111111111111
-831.1111111111111
-842.1111111111111
-853.1111111111111
-864.1111111111111
-817.1111111111111
-828.1111111111111
-839.1111111111111
-850.1111111111111
-861.1111111111111
-872.1111111111111
-883.1111111111111
-894.1111111111111
-905.1111111111111
-916.1111111111111
-927.1111111111111
-938.1111111111111
-949.1111111111111
-960.1111111111111
-971.1111111111111
-982.1111111111111
-993.1111111111111
-1004.1111111111111
-1015.1111111111111
-1026.111111111111
-1037.111111111111
-1048.111111111111
-1059.111111111111
-1070.111111111111
-1081.111111111111
-1058.5396825396826
-1069.5396825396826
-1080.5396825396826
-1091.5396825396826
-1102.5396825396826
-1113.5396825396826
-1124.5396825396826
-1135.5396825396826
-1107.2063492063492
-1118.2063492063492
-1129.2063492063492
-1140.2063492063492
-1151.2063492063492
-1162.2063492063492
-1173.2063492063492
-1184.2063492063492
-1195.2063492063492
-1206.2063492063492
-1217.2063492063492
-1228.2063492063492
-1239.2063492063492
-1250.2063492063492
-1261.2063492063492
-1272.2063492063492
-1283.2063492063492
-1294.2063492063492
-1305.2063492063492
-1316.2063492063492
-1327.2063492063492
-1291.2063492063492
-1302.2063492063492
-1313.2063492063492
-1324.2063492063492
-1335.2063492063492
-1346.2063492063492
-1357.2063492063492
-1368.2063492063492
-1379.2063492063492
-1356.6349206349207
-1367.6349206349207
-1378.6349206349207
-1389.6349206349207
-1400.6349206349207
-1411.6349206349207
-1422.6349206349207
-1400.0634920634923
-1411.0634920634923
-1422.0634920634923
-1433.0634920634923
-1444.0634920634923
-1455.0634920634923
-1466.0634920634923
-1477.0634920634923
-1488.0634920634923
-1499.0634920634923
-1510.0634920634923
-1521.0634920634923
-1532.0634920634923
-1543.0634920634923
-1554.0634920634923
-1455.0634920634923
-1466.0634920634923
-1477.0634920634923
-1488.0634920634923
-1499.0634920634923
-1510.0634920634923
-1521.0634920634923
-1532.0634920634923
-1543.0634920634923
-1554.0634920634923
-1565.0634920634923
-1576.0634920634923
-1587.0634920634923
-1598.0634920634923
-1609.0634920634923
-1620.0634920634923
-1631.0634920634923
-1642.0634920634923
-1653.0634920634923
-1664.0634920634923
-1675.0634920634923
-1686.0634920634923
-1697.0634920634923
-1708.0634920634923
-1719.0634920634923
-1730.0634920634923
-1741.0634920634923
-1752.0634920634923
-1763.0634920634923
-1774.0634920634923
-1785.0634920634923
-1796.0634920634923
-1807.0634920634923
-1818.0634920634923
-1829.0634920634923
-1840.0634920634923
-1851.0634920634923
-1862.0634920634923
-1873.0634920634923
-1884.0634920634923
-1895.0634920634923
-1906.0634920634923
-1917.0634920634923
-1928.0634920634923
-1939.0634920634923
-1950.0634920634923
-1961.0634920634923
-1972.0634920634923
-1983.0634920634923
-1994.0634920634923
-2005.0634920634923
-2016.0634920634923
-1969.0634920634923
-1980.0634920634923
-1991.0634920634923
-2002.0634920634923
-2013.0634920634923
-2024.0634920634923
-2035.0634920634923
-1970.3968253968258
-1947.8253968253973
-1958.8253968253973
-1911.8253968253973
-1864.8253968253973
-1875.8253968253973
-1886.8253968253973
-1897.8253968253973
-1908.8253968253973
-1919.8253968253973
-1930.8253968253973
-1941.8253968253973
-1952.8253968253973
-1963.8253968253973
-1974.8253968253973
-1985.8253968253973
-1996.8253968253973
-2007.8253968253973
-2018.8253968253973
-2029.8253968253973
-2040.8253968253973
-2051.8253968253975
-2062.8253968253975
-2073.8253968253975
-2084.8253968253975
-2095.8253968253975
-2073.253968253969
-2084.253968253969
-2095.253968253969
-2106.253968253969
-2117.253968253969
-2128.253968253969
-2139.253968253969
-2150.253968253969
-2161.253968253969
-2172.253968253969
-2183.253968253969
-2194.253968253969
-2129.587301587302
-2140.587301587302
-2151.587301587302
-2162.587301587302
-2173.587301587302
-2184.587301587302
-2195.587301587302
-2206.587301587302
-2217.587301587302
-2228.587301587302
-2239.587301587302
-2250.587301587302
-2261.587301587302
-2272.587301587302
-2283.587301587302
-2294.587301587302
-2305.587301587302
-2316.587301587302
-2327.587301587302
-2338.587301587302
-2349.587301587302
-2360.587301587302
-2295.920634920635
-2306.920634920635
-2317.920634920635
-2328.920634920635
-2339.920634920635
-2350.920634920635
-2361.920634920635
-2372.920634920635
-2383.920634920635
-2369.6984126984125
-2380.6984126984125
-2391.6984126984125
-2402.6984126984125
-2413.6984126984125
-2424.6984126984125
-2435.6984126984125
-2446.6984126984125
-2418.3650793650795
-2429.3650793650795
-2440.3650793650795
-2451.3650793650795
-2462.3650793650795
-2473.3650793650795
-2484.3650793650795
-2495.3650793650795
-2506.3650793650795
-2517.3650793650795
-2528.3650793650795
-2539.3650793650795
-2550.3650793650795
-2561.3650793650795
-2572.3650793650795
-2583.3650793650795
-2594.3650793650795
-2605.3650793650795
-2582.793650793651
-2593.793650793651
-2604.793650793651
-2615.793650793651
-2626.793650793651
-2590.793650793651
-2601.793650793651
-2612.793650793651
-2623.793650793651
-2634.793650793651
-2623.793650793651
-2634.793650793651
-2645.793650793651
-2581.126984126984
-2592.126984126984
-2574.126984126984
-2585.126984126984
-2596.126984126984
-2607.126984126984
-2618.126984126984
-2629.126984126984
-2640.126984126984
-2651.126984126984
-2662.126984126984
-2673.126984126984
-2684.126984126984
-2695.126984126984
-2706.126984126984
-2688.126984126984
-2699.126984126984
-2710.126984126984
-2721.126984126984
-2732.126984126984
-2743.126984126984
-2754.126984126984
-2718.126984126984
-2729.126984126984
-2740.126984126984
-2751.126984126984
-2762.126984126984
-2773.126984126984
-2784.126984126984
-2795.126984126984
-2806.126984126984
-2817.126984126984
-2828.126984126984
-2813.9047619047615
-2824.9047619047615
-2813.9047619047615
-2824.9047619047615
-2835.9047619047615
-2846.9047619047615
-2857.9047619047615
-2868.9047619047615
-2850.9047619047615
-2861.9047619047615
-2872.9047619047615
-2883.9047619047615
-2894.9047619047615
-2905.9047619047615
-2916.9047619047615
-2927.9047619047615
-2938.9047619047615
-2949.9047619047615
-2960.9047619047615
-2971.9047619047615
-2982.9047619047615
-2993.9047619047615
-3004.9047619047615
-3015.9047619047615
-3026.9047619047615
-3037.9047619047615
-3048.9047619047615
-3059.9047619047615
-3070.9047619047615
-3042.5714285714284
-3053.5714285714284
-2954.5714285714284
-2965.5714285714284
-2947.5714285714284
-2958.5714285714284
-2969.5714285714284
-2980.5714285714284
-2991.5714285714284
-3002.5714285714284
-3013.5714285714284
-3024.5714285714284
-3035.5714285714284
-3046.5714285714284
-3057.5714285714284
-3068.5714285714284
-3079.5714285714284
-3090.5714285714284
-3101.5714285714284
-3112.5714285714284
-3123.5714285714284
-3134.5714285714284
-3145.5714285714284
-3156.5714285714284
-3167.5714285714284
-3178.5714285714284
-3189.5714285714284
-3200.5714285714284
-3211.5714285714284
-3222.5714285714284
-3233.5714285714284
-3244.5714285714284
-3255.5714285714284
-3266.5714285714284
-3277.5714285714284
-3288.5714285714284
-3299.5714285714284
-3310.5714285714284
-3321.5714285714284
-3332.5714285714284
-3343.5714285714284
-3354.5714285714284
-3365.5714285714284
-3376.5714285714284
-3387.5714285714284
-3398.5714285714284
-3409.5714285714284
-3420.5714285714284
-3431.5714285714284
-3442.5714285714284
-3453.5714285714284
-3464.5714285714284
-3475.5714285714284
-3486.5714285714284
-3497.5714285714284
-3508.5714285714284
-3519.5714285714284
-3530.5714285714284
-3541.5714285714284
-3552.5714285714284
-3563.5714285714284
-3574.5714285714284
-3585.5714285714284
-3596.5714285714284
-3607.5714285714284
-3618.5714285714284
-3629.5714285714284
-3640.5714285714284
-3651.5714285714284
-3662.5714285714284
-3673.5714285714284
-3684.5714285714284
-3695.5714285714284
-3706.5714285714284
-3717.5714285714284
-3728.5714285714284
-3739.5714285714284
-3750.5714285714284
-3761.5714285714284
-3772.5714285714284
-3783.5714285714284
-3794.5714285714284
-3805.5714285714284
-3769.5714285714284
-3780.5714285714284
-3791.5714285714284
-3802.5714285714284
-3813.5714285714284
-3824.5714285714284
-3835.5714285714284
-3846.5714285714284
-3857.5714285714284
-3868.5714285714284
-3832.5714285714284
-3843.5714285714284
-3854.5714285714284
-3865.5714285714284
-3876.5714285714284
-3887.5714285714284
-3898.5714285714284
-3862.5714285714284
-3763.5714285714284
-3774.5714285714284
-3785.5714285714284
-3796.5714285714284
-3807.5714285714284
-3818.5714285714284
-3829.5714285714284
-3840.5714285714284
-3851.5714285714284
-3862.5714285714284
-3873.5714285714284
-3884.5714285714284
-3895.5714285714284
-3906.5714285714284
-3917.5714285714284
-3928.5714285714284
-3939.5714285714284
-3950.5714285714284
-3961.5714285714284
-3972.5714285714284
-3983.5714285714284
-3994.5714285714284
-4005.5714285714284
-3987.5714285714284
-3998.5714285714284
-4009.5714285714284
-4020.5714285714284
-4031.5714285714284
-4042.5714285714284
-3943.5714285714284
-3954.5714285714284
-3965.5714285714284
-3937.2380952380954
-3908.9047619047624
-3886.333333333334
-3897.333333333334
-3908.333333333334
-3919.333333333334
-3930.333333333334
-3941.333333333334
-3952.333333333334
-3963.333333333334
-3974.333333333334
-3985.333333333334
-3996.333333333334
-4007.333333333334
-4018.333333333334
-4029.333333333334
-4001.000000000001
-4012.000000000001
-4023.000000000001
-4034.000000000001
-4045.000000000001
-4056.000000000001
-4067.000000000001
-4078.000000000001
-4089.000000000001
-4100.000000000001
-4111.000000000001
-4122.000000000001
-4133.000000000001
-4104.666666666667
-4115.666666666667
-4126.666666666667
-4112.444444444444
-4123.444444444444
-4105.444444444444
-4116.444444444444
-4127.444444444444
-4116.444444444444
-4127.444444444444
-4138.444444444444
-4115.873015873015
-4126.873015873015
-4137.873015873015
-4148.873015873015
-4159.873015873015
-4170.873015873015
-4181.873015873015
-4192.873015873015
-4203.873015873015
-4214.873015873015
-4225.873015873015
-4236.873015873015
-4247.873015873015
-4219.539682539681
-4230.539682539681
-4241.539682539681
-4252.539682539681
-4263.539682539681
-4274.539682539681
-4285.539682539681
-4296.539682539681
-4307.539682539681
-4318.539682539681
-4219.539682539681
-4230.539682539681
-4241.539682539681
-4252.539682539681
-4263.539682539681
-4274.539682539681
-4285.539682539681
-4296.539682539681
-4307.539682539681
-4318.539682539681
-4329.539682539681
-4301.206349206347
-4312.206349206347
-4323.206349206347
-4334.206349206347
-4345.206349206347
-4316.873015873013
-4327.873015873013
-4338.873015873013
-4274.206349206347
-4209.539682539681
-4220.539682539681
-4231.539682539681
-4242.539682539681
-4253.539682539681
-4188.873015873015
-4199.873015873015
-4177.301587301586
-4188.301587301586
-4199.301587301586
-4210.301587301586
-4221.301587301586
-4232.301587301586
-4243.301587301586
-4254.301587301586
-4243.301587301586
-4254.301587301586
-4265.301587301586
-4276.301587301586
-4287.301587301586
-4298.301587301586
-4262.301587301586
-4273.301587301586
-4174.301587301586
-4185.301587301586
-4156.968253968252
-4057.9682539682517
-4068.9682539682517
-4057.9682539682517
-4068.9682539682517
-4079.9682539682517
-4090.9682539682517
-4101.968253968252
-4112.968253968252
-4123.968253968252
-4134.968253968252
-4035.9682539682517
-4046.9682539682517
-4057.9682539682517
-4068.9682539682517
-4040.6349206349187
-4018.0634920634902
-4029.0634920634902
-4040.0634920634902
-4051.0634920634902
-4062.0634920634902
-4073.0634920634902
-4084.0634920634902
-4095.0634920634902
-4106.06349206349
-4117.06349206349
-4128.06349206349
-4139.06349206349
-4150.06349206349
-4161.06349206349
-4172.06349206349
-4183.06349206349
-4194.06349206349
-4205.06349206349
-4216.06349206349
-4227.06349206349
-4238.06349206349
-4249.06349206349
-4260.06349206349
-4245.841269841268
-4256.841269841268
-4267.841269841268
