-11
36.0
25.0
14.0
61.0
50.0
39.0
28.0
17.0
6.0
-5.0
-16.0
-27.0
1.3333333333333357
-9.666666666666664
-20.666666666666664
15.333333333333336
37.904761904761905
26.904761904761905
15.904761904761905
4.904761904761905
-6.095238095238095
-17.095238095238095
29.904761904761905
18.904761904761905
7.904761904761905
-3.095238095238095
11.126984126984127
0.12698412698412653
-10.873015873015873
-21.873015873015873
-32.87301587301587
-43.87301587301587
-54.87301587301587
-65.87301587301587
-76.87301587301587
-87.87301587301587
-98.87301587301587
-109.87301587301587
-120.87301587301587
-131.87301587301587
-120.87301587301587
-131.87301587301587
-142.87301587301587
-153.87301587301587
-164.87301587301587
-175.87301587301587
-111.20634920634919
-100.20634920634919
-111.20634920634919
-122.20634920634919
-133.2063492063492
-144.2063492063492
-97.20634920634919
-108.20634920634919
-119.20634920634919
-130.2063492063492
-141.2063492063492
-152.2063492063492
-163.2063492063492
-174.2063492063492
-185.2063492063492
-196.2063492063492
-185.2063492063492
-196.2063492063492
-207.2063492063492
-218.2063492063492
-229.2063492063492
-164.5396825396825
-175.5396825396825
-186.5396825396825
-197.5396825396825
-208.5396825396825
-219.5396825396825
-230.5396825396825
-241.5396825396825
-252.5396825396825
-224.20634920634922
-235.20634920634922
-246.20634920634922
-257.2063492063492
-268.2063492063492
-279.2063492063492
-290.2063492063492
-301.2063492063492
-312.2063492063492
-323.2063492063492
-334.2063492063492
-345.2063492063492
-356.2063492063492
-367.2063492063492
-344.63492063492066
-355.63492063492066
-366.63492063492066
-377.63492063492066
-388.63492063492066
-399.63492063492066
-410.63492063492066
-421.63492063492066
-432.63492063492066
-443.63492063492066
-454.63492063492066
-465.63492063492066
-476.63492063492066
-411.96825396825403
-422.96825396825403
-433.96825396825403
-444.96825396825403
-455.96825396825403
-466.96825396825403
-477.96825396825403
-488.96825396825403
-499.96825396825403
-510.96825396825403
-499.968253968254
-510.968253968254
-521.968253968254
-457.30158730158735
-468.30158730158735
-479.30158730158735
-414.6349206349207
-425.6349206349207
-436.6349206349207
-408.30158730158735
-419.30158730158735
-430.30158730158735
-441.30158730158735
-452.30158730158735
-463.30158730158735
-474.30158730158735
-485.30158730158735
-496.30158730158735
-507.30158730158735
-518.3015873015873
-529.3015873015873
-540.3015873015873
-551.3015873015873
-562.3015873015873
-573.3015873015873
-584.3015873015873
-595.3015873015873
-606.3015873015873
-617.3015873015873
-628.3015873015873
-639.3015873015873
-650.3015873015873
-661.3015873015873
-672.3015873015873
-683.3015873015873
-694.3015873015873
-705.3015873015873
-694.3015873015873
-705.3015873015873
-716.3015873015873
-727.3015873015873
-738.3015873015873
-749.3015873015873
-760.3015873015873
-771.3015873015873
-782.3015873015873
-793.3015873015873
-804.3015873015873
-815.3015873015873
-826.3015873015873
-837.3015873015873
-848.3015873015873
-859.3015873015873
-870.3015873015873
-881.3015873015873
-892.3015873015873
-903.3015873015873
-885.3015873015873
-896.3015873015873
-907.3015873015873
-918.3015873015873
-929.3015873015873
-940.3015873015873
-951.3015873015873
-962.3015873015873
-973.3015873015873
-984.3015873015873
-995.3015873015873
-1006.3015873015873
-1017.3015873015873
-1028.3015873015875
-1039.3015873015875
-1050.3015873015875
-1061.3015873015875
-1072.3015873015875
-1083.3015873015875
-1094.3015873015875
-1105.3015873015875
-1076.968253968254
-1087.968253968254
-1098.968253968254
-1109.968253968254
-1120.968253968254
-1131.968253968254
-1142.968253968254
-1153.968253968254
-1164.968253968254
-1175.968253968254
-1186.968253968254
-1197.968253968254
-1208.968253968254
-1219.968253968254
-1230.968253968254
-1241.968253968254
-1219.3968253968255
-1230.3968253968255
-1241.3968253968255
-1252.3968253968255
-1263.3968253968255
-1274.3968253968255
-1285.3968253968255
-1267.3968253968255
-1168.3968253968255
-1179.3968253968255
-1190.3968253968255
-1201.3968253968255
-1212.3968253968255
-1223.3968253968255
-1234.3968253968255
-1245.3968253968255
-1256.3968253968255
-1267.3968253968255
-1278.3968253968255
-1289.3968253968255
-1300.3968253968255
-1311.3968253968255
-1322.3968253968255
-1333.3968253968255
-1344.3968253968255
-1355.3968253968255
-1366.3968253968255
-1377.3968253968255
-1388.3968253968255
-1399.3968253968255
-1410.3968253968255
-1421.3968253968255
-1432.3968253968255
-1443.3968253968255
-1454.3968253968255
-1465.3968253968255
-1476.3968253968255
-1487.3968253968255
-1498.3968253968255
-1509.3968253968255
-1520.3968253968255
-1531.3968253968255
-1466.730158730159
-1477.730158730159
-1488.730158730159
-1499.730158730159
-1477.1587301587306
-1488.1587301587306
-1499.1587301587306
-1510.1587301587306
-1499.1587301587306
-1510.1587301587306
-1521.1587301587306
-1510.1587301587306
-1521.1587301587306
-1532.1587301587306
-1543.1587301587306
-1554.1587301587306
-1525.825396825397
-1536.825396825397
-1547.825396825397
-1558.825396825397
-1569.825396825397
-1580.825396825397
-1591.825396825397
-1602.825396825397
-1613.825396825397
-1624.825396825397
-1635.825396825397
-1646.825396825397
-1657.825396825397
-1668.825396825397
-1679.825396825397
-1690.825396825397
-1701.825396825397
-1712.825396825397
-1723.825396825397
-1734.825396825397
-1745.825396825397
-1756.825396825397
-1767.825396825397
-1778.825396825397
-1789.825396825397
-1800.825396825397
-1811.825396825397
-1822.825396825397
-1833.825396825397
-1844.825396825397
-1826.825396825397
-1837.825396825397
-1848.825396825397
-1859.825396825397
-1870.825396825397
-1881.825396825397
-1892.825396825397
-1903.825396825397
-1914.825396825397
-1925.825396825397
-1936.825396825397
-1947.825396825397
-1958.825396825397
-1969.825396825397
-1980.825396825397
-1991.825396825397
-2002.825396825397
-1980.2539682539687
-1991.2539682539687
-1892.2539682539687
-1903.2539682539687
-1914.2539682539687
-1925.2539682539687
-1936.2539682539687
-1947.2539682539687
-1958.2539682539687
-1969.2539682539687
-1980.2539682539687
-1991.2539682539687
-2002.2539682539687
-2013.2539682539687
-2002.2539682539687
-2013.2539682539687
-2024.2539682539687
-2035.2539682539687
-2046.2539682539687
-2057.2539682539687
-2068.2539682539687
-2079.2539682539687
-2090.2539682539687
-2101.2539682539687
-2112.2539682539687
-2123.2539682539687
-2024.2539682539687
-2035.2539682539687
-2046.2539682539687
-2057.2539682539687
-1958.2539682539687
-1969.2539682539687
-1951.2539682539687
-1962.2539682539687
-1973.2539682539687
-1984.2539682539687
-1995.2539682539687
-2006.2539682539687
-2017.2539682539687
-2028.2539682539687
-2039.2539682539687
-2050.2539682539687
-2061.2539682539687
-2072.2539682539687
-2083.2539682539687
-2094.2539682539687
-2105.2539682539687
-2116.2539682539687
-2087.9206349206356
-2098.9206349206356
-2051.9206349206356
-2062.9206349206356
-2073.9206349206356
-2084.9206349206356
-2095.9206349206356
-2081.698412698413
-2092.698412698413
-2103.698412698413
-2081.1269841269846
-2092.1269841269846
-2103.1269841269846
-2114.1269841269846
-2125.1269841269846
-2107.1269841269846
-2118.1269841269846
-2129.1269841269846
-2140.1269841269846
-2151.1269841269846
-2162.1269841269846
-2173.1269841269846
-2184.1269841269846
-2195.1269841269846
-2206.1269841269846
-2217.1269841269846
-2228.1269841269846
-2239.1269841269846
-2250.1269841269846
-2261.1269841269846
-2272.1269841269846
-2283.1269841269846
-2294.1269841269846
-2305.1269841269846
-2316.1269841269846
-2305.1269841269846
-2316.1269841269846
-2327.1269841269846
-2338.1269841269846
-2349.1269841269846
-2360.1269841269846
-2371.1269841269846
-2382.1269841269846
-2393.1269841269846
-2375.1269841269846
-2386.1269841269846
-2397.1269841269846
-2408.1269841269846
-2372.1269841269846
-2383.1269841269846
-2394.1269841269846
-2405.1269841269846
-2416.1269841269846
-2427.1269841269846
-2438.1269841269846
-2449.1269841269846
-2460.1269841269846
-2424.1269841269846
-2406.1269841269846
-2417.1269841269846
-2428.1269841269846
-2439.1269841269846
-2450.1269841269846
-2461.1269841269846
-2472.1269841269846
-2483.1269841269846
-2494.1269841269846
-2505.1269841269846
-2516.1269841269846
-2527.1269841269846
-2538.1269841269846
-2549.1269841269846
-2560.1269841269846
-2571.1269841269846
-2582.1269841269846
-2593.1269841269846
-2604.1269841269846
-2615.1269841269846
-2626.1269841269846
-2637.1269841269846
-2648.1269841269846
-2659.1269841269846
-2670.1269841269846
-2681.1269841269846
-2692.1269841269846
-2703.1269841269846
-2714.1269841269846
-2615.1269841269846
-2626.1269841269846
-2637.1269841269846
-2648.1269841269846
-2659.1269841269846
-2670.1269841269846
-2681.1269841269846
-2692.1269841269846
-2703.1269841269846
-2714.1269841269846
-2725.1269841269846
-2626.1269841269846
-2637.1269841269846
-2648.1269841269846
-2659.1269841269846
-2594.4603174603176
-2605.4603174603176
-2616.4603174603176
-2627.4603174603176
-2638.4603174603176
-2649.4603174603176
-2660.4603174603176
-2671.4603174603176
-2682.4603174603176
-2693.4603174603176
-2704.4603174603176
-2715.4603174603176
-2726.4603174603176
-2737.4603174603176
-2748.4603174603176
-2759.4603174603176
-2770.4603174603176
-2781.4603174603176
-2792.4603174603176
-2803.4603174603176
-2814.4603174603176
-2825.4603174603176
-2726.4603174603176
-2661.7936507936506
-2672.7936507936506
-2608.1269841269836
-2619.1269841269836
-2630.1269841269836
-2641.1269841269836
-2652.1269841269836
-2663.1269841269836
-2674.1269841269836
-2645.7936507936506
-2656.7936507936506
-2667.7936507936506
-2678.7936507936506
-2689.7936507936506
-2700.7936507936506
-2711.7936507936506
-2722.7936507936506
-2733.7936507936506
-2744.7936507936506
-2755.7936507936506
-2766.7936507936506
-2777.7936507936506
-2788.7936507936506
-2799.7936507936506
-2735.1269841269836
-2746.1269841269836
-2681.4603174603167
-2658.8888888888882
-2669.8888888888882
-2680.8888888888882
-2691.8888888888882
-2702.8888888888882
-2680.31746031746
-2691.31746031746
-2702.31746031746
-2713.31746031746
-2724.31746031746
-2735.31746031746
-2746.31746031746
-2757.31746031746
-2768.31746031746
-2779.31746031746
-2790.31746031746
-2801.31746031746
-2812.31746031746
-2823.31746031746
-2794.9841269841268
-2747.9841269841268
-2758.9841269841268
-2722.9841269841268
-2733.9841269841268
-2744.9841269841268
-2755.9841269841268
-2766.9841269841268
-2777.9841269841268
-2788.9841269841268
-2799.9841269841268
-2810.9841269841268
-2821.9841269841268
-2832.9841269841268
-2843.9841269841268
-2854.9841269841268
-2865.9841269841268
-2876.9841269841268
-2887.9841269841268
-2898.9841269841268
-2909.9841269841268
-2920.9841269841268
-2931.9841269841268
-2942.9841269841268
-2953.9841269841268
-2964.9841269841268
-2975.9841269841268
-2986.9841269841268
-2968.9841269841268
-2979.9841269841268
-2990.9841269841268
-3001.9841269841268
-3012.9841269841268
-3023.9841269841268
-3034.9841269841268
-3045.9841269841268
-3056.9841269841268
-3067.9841269841268
-3078.9841269841268
-3089.9841269841268
-3100.9841269841268
-3111.9841269841268
-3122.9841269841268
-3133.9841269841268
-3144.9841269841268
-3155.9841269841268
-3166.9841269841268
-3177.9841269841268
-3188.9841269841268
-3199.9841269841268
-3210.9841269841268
-3221.9841269841268
-3232.9841269841268
-3243.9841269841268
-3254.9841269841268
-3265.9841269841268
-3276.9841269841268
-3287.9841269841268
-3298.9841269841268
-3309.9841269841268
-3320.9841269841268
-3331.9841269841268
-3309.4126984126983
-3320.4126984126983
-3331.4126984126983
-3342.4126984126983
-3331.4126984126983
-3342.4126984126983
-3353.4126984126983
-3339.1904761904757
-3350.1904761904757
-3361.1904761904757
-3372.1904761904757
-3383.1904761904757
-3360.6190476190473
-3371.6190476190473
-3382.6190476190473
-3364.6190476190473
-3375.6190476190473
-3386.6190476190473
-3397.6190476190473
-3408.6190476190473
-3419.6190476190473
-3430.6190476190473
-3441.6190476190473
-3452.6190476190473
-3463.6190476190473
-3474.6190476190473
-3485.6190476190473
-3496.6190476190473
-3507.6190476190473
-3518.6190476190473
-3529.6190476190473
-3540.6190476190473
-3551.6190476190473
-3562.6190476190473
-3573.6190476190473
-3584.6190476190473
-3595.6190476190473
-3606.6190476190473
-3617.6190476190473
-3628.6190476190473
-3639.6190476190473
-3650.6190476190473
-3661.6190476190473
-3672.6190476190473
-3683.6190476190473
-3694.6190476190473
-3705.6190476190473
-3716.6190476190473
-3727.6190476190473
-3738.6190476190473
-3749.6190476190473
-3735.3968253968246
-3746.3968253968246
-3757.3968253968246
-3768.3968253968246
-3779.3968253968246
-3790.3968253968246
-3801.3968253968246
-3812.3968253968246
-3823.3968253968246
-3834.3968253968246
-3845.3968253968246
-3831.174603174602
-3842.174603174602
-3824.174603174602
-3835.174603174602
-3846.174603174602
-3857.174603174602
-3868.174603174602
-3879.174603174602
-3890.174603174602
-3901.174603174602
-3912.174603174602
-3923.174603174602
-3934.174603174602
-3945.174603174602
-3956.174603174602
-3967.174603174602
-3978.174603174602
-3931.174603174602
-3942.174603174602
-3953.174603174602
-3964.174603174602
-3975.174603174602
-3986.174603174602
-3997.174603174602
-4008.174603174602
-4019.174603174602
-3954.507936507935
-3965.507936507935
-3976.507936507935
-3987.507936507935
-3998.507936507935
-4009.507936507935
-3995.2857142857124
-3896.2857142857124
-3907.2857142857124
-3918.2857142857124
-3929.2857142857124
