-11
-22
-33
-44
-55
-66
-77
-88
-99
-110
-121
-132
-143
-154
-165
-176
-187
-198
-209
-220
-231
-242
-253
-264
-275
-286
-297
-308
-319
-330
-312.0
-323.0
-334.0
-345.0
-246.0
-257.0
-268.0
-279.0
-290.0
-301.0
-312.0
-323.0
-334.0
-345.0
-356.0
-367.0
-378.0
-389.0
-400.0
-411.0
-422.0
-433.0
-444.0
-455.0
-466.0
-477.0
-488.0
-499.0
-476.42857142857144
-487.42857142857144
-498.42857142857144
-509.42857142857144
-520.4285714285714
-531.4285714285714
-542.4285714285714
-553.4285714285714
-564.4285714285714
-575.4285714285714
-528.4285714285714
-539.4285714285714
-550.4285714285714
-561.4285714285714
-572.4285714285714
-583.4285714285714
-594.4285714285714
-558.4285714285714
-569.4285714285714
-533.4285714285714
-544.4285714285714
-555.4285714285714
-566.4285714285714
-577.4285714285714
-588.4285714285714
-599.4285714285714
-534.7619047619047
-545.7619047619047
-556.7619047619047
-567.7619047619047
-578.7619047619047
-589.7619047619047
-600.7619047619047
-611.7619047619047
-622.7619047619047
-633.7619047619047
-569.095238095238
-580.095238095238
-591.095238095238
-544.095238095238
-533.095238095238
-544.095238095238
-555.095238095238
-566.095238095238
-555.095238095238
-566.095238095238
-577.095238095238
-588.095238095238
-599.095238095238
-610.095238095238
-621.095238095238
-632.095238095238
-643.095238095238
-654.095238095238
-665.095238095238
-676.095238095238
-687.095238095238
-698.095238095238
-709.095238095238
-720.095238095238
-731.095238095238
-742.095238095238
-753.095238095238
-764.095238095238
-775.095238095238
-786.095238095238
-797.095238095238
-808.095238095238
-819.095238095238
-830.095238095238
-841.095238095238
-852.095238095238
-863.095238095238
-874.095238095238
-885.095238095238
-896.095238095238
-907.095238095238
-918.095238095238
-929.095238095238
-940.095238095238
-929.095238095238
-940.095238095238
-951.095238095238
-962.095238095238
-973.095238095238
-984.095238095238
-995.095238095238
-948.095238095238
-959.095238095238
-970.095238095238
-905.4285714285712
-916.4285714285712
-927.4285714285712
-913.206349206349
-924.206349206349
-913.206349206349
-924.206349206349
-935.206349206349
-946.206349206349
-957.206349206349
-968.206349206349
-979.206349206349
-990.206349206349
-1001.206349206349
-1012.206349206349
-994.206349206349
-1005.206349206349
-1016.206349206349
-1027.206349206349
-1038.206349206349
-1049.206349206349
-1060.206349206349
-1071.206349206349
-1082.206349206349
-1093.206349206349
-1028.5396825396824
-1039.5396825396824
-1050.5396825396824
-1061.5396825396824
-1072.5396825396824
-1083.5396825396824
-1094.5396825396824
-1105.5396825396824
-1116.5396825396824
-1127.5396825396824
-1116.5396825396824
-1127.5396825396824
-1138.5396825396824
-1149.5396825396824
-1084.873015873016
-1095.873015873016
-1106.873015873016
-1117.873015873016
-1128.873015873016
-1139.873015873016
-1150.873015873016
-1161.873015873016
-1172.873015873016
-1183.873015873016
-1194.873015873016
-1205.873015873016
-1169.873015873016
-1180.873015873016
-1191.873015873016
-1202.873015873016
-1213.873015873016
-1114.873015873016
-1125.873015873016
-1136.873015873016
-1147.873015873016
-1125.3015873015875
-1136.3015873015875
-1147.3015873015875
-1158.3015873015875
-1169.3015873015875
-1180.3015873015875
-1191.3015873015875
-1202.3015873015875
-1213.3015873015875
-1199.0793650793653
-1210.0793650793653
-1221.0793650793653
-1232.0793650793653
-1243.0793650793653
-1254.0793650793653
-1265.0793650793653
-1276.0793650793653
-1287.0793650793653
-1298.0793650793653
-1309.0793650793653
-1320.0793650793653
-1331.0793650793653
-1342.0793650793653
-1306.0793650793653
-1317.0793650793653
-1218.0793650793653
-1229.0793650793653
-1240.0793650793653
-1251.0793650793653
-1262.0793650793653
-1273.0793650793653
-1226.0793650793653
-1237.0793650793653
-1248.0793650793653
-1259.0793650793653
-1270.0793650793653
-1281.0793650793653
-1292.0793650793653
-1303.0793650793653
-1314.0793650793653
-1285.7460317460318
-1296.7460317460318
-1307.7460317460318
-1318.7460317460318
-1329.7460317460318
-1340.7460317460318
-1351.7460317460318
-1362.7460317460318
-1373.7460317460318
-1384.7460317460318
-1395.7460317460318
-1348.7460317460318
-1359.7460317460318
-1370.7460317460318
-1381.7460317460318
-1392.7460317460318
-1403.7460317460318
-1414.7460317460318
-1425.7460317460318
-1436.7460317460318
-1447.7460317460318
-1458.7460317460318
-1469.7460317460318
-1480.7460317460318
-1491.7460317460318
-1480.7460317460318
-1491.7460317460318
-1502.7460317460318
-1513.7460317460318
-1524.7460317460318
-1535.7460317460318
-1546.7460317460318
-1557.7460317460318
-1568.7460317460318
-1579.7460317460318
-1590.7460317460318
-1601.7460317460318
-1612.7460317460318
-1623.7460317460318
-1634.7460317460318
-1535.7460317460318
-1546.7460317460318
-1557.7460317460318
-1568.7460317460318
-1579.7460317460318
-1590.7460317460318
-1601.7460317460318
-1573.4126984126983
-1584.4126984126983
-1595.4126984126983
-1606.4126984126983
-1617.4126984126983
-1628.4126984126983
-1639.4126984126983
-1650.4126984126983
-1636.1904761904761
-1647.1904761904761
-1658.1904761904761
-1669.1904761904761
-1680.1904761904761
-1691.1904761904761
-1702.1904761904761
-1713.1904761904761
-1724.1904761904761
-1735.1904761904761
-1688.1904761904761
-1699.1904761904761
-1710.1904761904761
-1721.1904761904761
-1732.1904761904761
-1743.1904761904761
-1754.1904761904761
-1765.1904761904761
-1776.1904761904761
-1787.1904761904761
-1798.1904761904761
-1809.1904761904761
-1820.1904761904761
-1831.1904761904761
-1795.1904761904761
-1806.1904761904761
-1817.1904761904761
-1828.1904761904761
-1839.1904761904761
-1824.968253968254
-1835.968253968254
-1846.968253968254
-1857.968253968254
-1868.968253968254
-1879.968253968254
-1890.968253968254
-1901.968253968254
-1879.3968253968255
-1890.3968253968255
-1872.3968253968255
-1854.3968253968255
-1865.3968253968255
-1876.3968253968255
-1887.3968253968255
-1898.3968253968255
-1909.3968253968255
-1920.3968253968255
-1909.3968253968255
-1920.3968253968255
-1931.3968253968255
-1942.3968253968255
-1953.3968253968255
-1964.3968253968255
-1975.3968253968255
-1986.3968253968255
-1997.3968253968255
-2008.3968253968255
-2019.3968253968255
-2030.3968253968255
-1965.730158730159
-1976.730158730159
-1987.730158730159
-1998.730158730159
-2009.730158730159
-2020.730158730159
-2031.730158730159
-2042.730158730159
-1943.730158730159
-1954.730158730159
-1965.730158730159
-1976.730158730159
-1987.730158730159
-1940.730158730159
-1951.730158730159
-1962.730158730159
-1973.730158730159
-1984.730158730159
-1995.730158730159
-2006.730158730159
-2017.730158730159
-2028.730158730159
-2039.730158730159
-2050.730158730159
-2061.730158730159
-2072.730158730159
-2083.730158730159
-2094.730158730159
-2105.730158730159
-2116.730158730159
-2127.730158730159
-2138.730158730159
-2149.730158730159
-2160.730158730159
-2171.730158730159
-2182.730158730159
-2193.730158730159
-2204.730158730159
-2215.730158730159
-2226.730158730159
-2237.730158730159
-2248.730158730159
-2259.730158730159
-2270.730158730159
-2281.730158730159
-2292.730158730159
-2303.730158730159
-2314.730158730159
-2325.730158730159
-2336.730158730159
-2347.730158730159
-2358.730158730159
-2369.730158730159
-2380.730158730159
-2391.730158730159
-2402.730158730159
-2413.730158730159
-2424.730158730159
-2435.730158730159
-2446.730158730159
-2457.730158730159
-2468.730158730159
-2479.730158730159
-2490.730158730159
-2472.730158730159
-2483.730158730159
-2494.730158730159
-2505.730158730159
-2516.730158730159
-2527.730158730159
-2463.063492063492
-2452.063492063492
-2463.063492063492
-2474.063492063492
-2485.063492063492
-2496.063492063492
-2507.063492063492
-2518.063492063492
-2529.063492063492
-2540.063492063492
-2551.063492063492
-2562.063492063492
-2573.063492063492
-2584.063492063492
-2595.063492063492
-2606.063492063492
-2617.063492063492
-2628.063492063492
-2639.063492063492
-2621.063492063492
-2632.063492063492
-2643.063492063492
-2654.063492063492
-2665.063492063492
-2676.063492063492
-2687.063492063492
-2698.063492063492
-2709.063492063492
-2720.063492063492
-2731.063492063492
-2716.8412698412694
-2727.8412698412694
-2738.8412698412694
-2720.8412698412694
-2731.8412698412694
-2742.8412698412694
-2753.8412698412694
-2764.8412698412694
-2775.8412698412694
-2786.8412698412694
-2797.8412698412694
-2808.8412698412694
-2819.8412698412694
-2830.8412698412694
-2841.8412698412694
-2827.619047619047
-2838.619047619047
-2849.619047619047
-2860.619047619047
-2871.619047619047
-2882.619047619047
-2893.619047619047
-2904.619047619047
-2915.619047619047
-2926.619047619047
-2937.619047619047
-2948.619047619047
-2959.619047619047
-2970.619047619047
-2981.619047619047
-2992.619047619047
-3003.619047619047
-3014.619047619047
-3025.619047619047
-3036.619047619047
-3047.619047619047
-3058.619047619047
-3069.619047619047
-3080.619047619047
-3091.619047619047
-3102.619047619047
-3113.619047619047
-3124.619047619047
-3135.619047619047
-3146.619047619047
-3081.95238095238
-3092.95238095238
-3103.95238095238
-3114.95238095238
-3125.95238095238
-3136.95238095238
-3122.730158730157
-3133.730158730157
-3144.730158730157
-3155.730158730157
-3166.730158730157
-3177.730158730157
-3188.730158730157
-3174.5079365079346
-3185.5079365079346
-3196.5079365079346
-3207.5079365079346
-3218.5079365079346
-3229.5079365079346
-3240.5079365079346
-3251.5079365079346
-3262.5079365079346
-3226.5079365079346
-3237.5079365079346
-3248.5079365079346
-3212.5079365079346
-3223.5079365079346
-3234.5079365079346
-3245.5079365079346
-3256.5079365079346
-3220.5079365079346
-3231.5079365079346
-3242.5079365079346
-3253.5079365079346
-3264.5079365079346
-3275.5079365079346
-3286.5079365079346
-3297.5079365079346
-3308.5079365079346
-3319.5079365079346
-3330.5079365079346
-3341.5079365079346
-3352.5079365079346
-3363.5079365079346
-3374.5079365079346
-3385.5079365079346
-3396.5079365079346
-3407.5079365079346
-3418.5079365079346
-3429.5079365079346
-3440.5079365079346
-3451.5079365079346
-3462.5079365079346
-3473.5079365079346
-3484.5079365079346
-3495.5079365079346
-3506.5079365079346
-3517.5079365079346
-3528.5079365079346
-3539.5079365079346
-3550.5079365079346
-3561.5079365079346
-3572.5079365079346
-3507.8412698412676
-3518.8412698412676
-3529.8412698412676
-3540.8412698412676
-3551.8412698412676
-3562.8412698412676
-3573.8412698412676
-3584.8412698412676
-3595.8412698412676
-3606.8412698412676
-3617.8412698412676
-3553.1746031746006
-3564.1746031746006
-3575.1746031746006
-3586.1746031746006
-3597.1746031746006
-3608.1746031746006
-3561.1746031746006
-3572.1746031746006
-3543.8412698412676
-3554.8412698412676
-3565.8412698412676
-3576.8412698412676
-3587.8412698412676
-3598.8412698412676
-3609.8412698412676
-3510.8412698412676
-3521.8412698412676
-3532.8412698412676
-3543.8412698412676
-3554.8412698412676
-3565.8412698412676
-3576.8412698412676
-3587.8412698412676
-3598.8412698412676
-3587.8412698412676
-3598.8412698412676
-3609.8412698412676
-3620.8412698412676
-3631.8412698412676
-3642.8412698412676
-3653.8412698412676
-3639.619047619045
-3628.619047619045
-3639.619047619045
-3650.619047619045
-3661.619047619045
-3672.619047619045
-3683.619047619045
-3694.619047619045
-3705.619047619045
-3716.619047619045
-3727.619047619045
-3738.619047619045
-3749.619047619045
-3760.619047619045
-3771.619047619045
-3782.619047619045
-3793.619047619045
-3804.619047619045
-3815.619047619045
-3826.619047619045
-3798.285714285712
-3809.285714285712
-3820.285714285712
-3831.285714285712
-3842.285714285712
-3853.285714285712
-3864.285714285712
-3875.285714285712
-3886.285714285712
-3897.285714285712
-3868.952380952379
-3879.952380952379
-3780.952380952379
-3791.952380952379
-3802.952380952379
-3813.952380952379
-3824.952380952379
-3835.952380952379
-3846.952380952379
-3857.952380952379
-3868.952380952379
-3879.952380952379
-3890.952380952379
-3901.952380952379
-3912.952380952379
-3923.952380952379
-3934.952380952379
-3945.952380952379
-3956.952380952379
-3892.285714285712
-3903.285714285712
-3874.952380952379
-3852.3809523809505
-3863.3809523809505
-3874.3809523809505
-3809.7142857142835
-3820.7142857142835
-3831.7142857142835
-3842.7142857142835
-3853.7142857142835
-3864.7142857142835
-3875.7142857142835
-3886.7142857142835
-3897.7142857142835
-3908.7142857142835
-3919.7142857142835
-3930.7142857142835
-3894.7142857142835
-3905.7142857142835
-3916.7142857142835
-3927.7142857142835
-3938.7142857142835
-3949.7142857142835
-3960.7142857142835
-3971.7142857142835
-3982.7142857142835
-3993.7142857142835
-3965.3809523809505
-3976.3809523809505
-3987.3809523809505
-3998.3809523809505
