-11
-22
-33
-44
-55
-66
-77
-88
-99
-110
-121
-132
-143
-154
-125.66666666666667
-136.66666666666669
-122.44444444444446
-133.44444444444446
-119.22222222222223
-130.22222222222223
-141.22222222222223
-94.22222222222223
-105.22222222222223
-94.22222222222223
-29.555555555555557
-40.55555555555556
-51.55555555555556
-62.55555555555556
-73.55555555555556
-84.55555555555556
-95.55555555555556
-106.55555555555556
-117.55555555555556
-128.55555555555554
-139.55555555555554
-74.88888888888886
-85.88888888888886
-96.88888888888886
-107.88888888888886
-118.88888888888886
-129.88888888888886
-140.88888888888886
-151.88888888888886
-162.88888888888886
-173.88888888888886
-184.88888888888886
-120.22222222222217
-131.22222222222217
-142.22222222222217
-153.22222222222217
-164.22222222222217
-175.22222222222217
-186.22222222222217
-197.22222222222217
-168.88888888888886
-179.88888888888886
-190.88888888888886
-201.88888888888886
-154.88888888888886
-165.88888888888886
-176.88888888888886
-187.88888888888886
-198.88888888888886
-209.88888888888886
-162.88888888888886
-173.88888888888886
-184.88888888888886
-195.88888888888886
-206.88888888888886
-217.88888888888886
-228.88888888888886
-239.88888888888886
-250.88888888888886
-151.88888888888886
-162.88888888888886
-173.88888888888886
-184.88888888888886
-195.88888888888886
-206.88888888888886
-217.88888888888886
-228.88888888888886
-239.88888888888886
-250.88888888888886
-261.88888888888886
-272.88888888888886
-283.88888888888886
-294.88888888888886
-305.88888888888886
-316.88888888888886
-327.88888888888886
-338.88888888888886
-349.88888888888886
-360.88888888888886
-371.88888888888886
-382.88888888888886
-393.88888888888886
-404.88888888888886
-415.88888888888886
-426.88888888888886
-437.88888888888886
-448.88888888888886
-459.88888888888886
-470.88888888888886
-481.88888888888886
-492.88888888888886
-503.88888888888886
-514.8888888888889
-525.8888888888889
-536.8888888888889
-547.8888888888889
-558.8888888888889
-569.8888888888889
-580.8888888888889
-591.8888888888889
-602.8888888888889
-613.8888888888889
-624.8888888888889
-635.8888888888889
-646.8888888888889
-657.8888888888889
-668.8888888888889
-679.8888888888889
-690.8888888888889
-701.8888888888889
-712.8888888888889
-723.8888888888889
-734.8888888888889
-745.8888888888889
-756.8888888888889
-767.8888888888889
-778.8888888888889
-789.8888888888889
-800.8888888888889
-811.8888888888889
-822.8888888888889
-833.8888888888889
-844.8888888888889
-855.8888888888889
-866.8888888888889
-877.8888888888889
-888.8888888888889
-899.8888888888889
-863.8888888888889
-874.8888888888889
-827.8888888888889
-809.8888888888889
-820.8888888888889
-831.8888888888889
-842.8888888888889
-853.8888888888889
-864.8888888888889
-875.8888888888889
-886.8888888888889
-897.8888888888889
-908.8888888888889
-919.8888888888889
-930.8888888888889
-941.8888888888889
-952.8888888888889
-963.8888888888889
-974.8888888888889
-985.8888888888889
-996.8888888888889
-1007.8888888888889
-1018.8888888888889
-1029.888888888889
-1040.888888888889
-941.8888888888889
-952.8888888888889
-963.8888888888889
-974.8888888888889
-985.8888888888889
-996.8888888888889
-1007.8888888888889
-1018.8888888888889
-1029.888888888889
-1040.888888888889
-1051.888888888889
-1062.888888888889
-1073.888888888889
-1062.888888888889
-1073.888888888889
-1055.888888888889
-1066.888888888889
-1077.888888888889
-1088.888888888889
-1099.888888888889
-1110.888888888889
-1046.2222222222224
-1057.2222222222224
-1043.0000000000002
-1054.0000000000002
-1065.0000000000002
-1076.0000000000002
-1087.0000000000002
-1064.4285714285718
-1075.4285714285718
-1086.4285714285718
-1072.2063492063496
-1083.2063492063496
-1094.2063492063496
-1105.2063492063496
-1116.2063492063496
-1127.2063492063496
-1138.2063492063496
-1149.2063492063496
-1160.2063492063496
-1171.2063492063496
-1182.2063492063496
-1193.2063492063496
-1204.2063492063496
-1215.2063492063496
-1204.2063492063496
-1215.2063492063496
-1226.2063492063496
-1215.2063492063496
-1226.2063492063496
-1237.2063492063496
-1201.2063492063496
-1212.2063492063496
-1223.2063492063496
-1234.2063492063496
-1245.2063492063496
-1256.2063492063496
-1267.2063492063496
-1278.2063492063496
-1289.2063492063496
-1190.2063492063496
-1201.2063492063496
-1212.2063492063496
-1223.2063492063496
-1234.2063492063496
-1245.2063492063496
-1256.2063492063496
-1267.2063492063496
-1278.2063492063496
-1289.2063492063496
-1300.2063492063496
-1311.2063492063496
-1322.2063492063496
-1333.2063492063496
-1344.2063492063496
-1355.2063492063496
-1326.8730158730161
-1337.8730158730161
-1348.8730158730161
-1359.8730158730161
-1370.8730158730161
-1381.8730158730161
-1392.8730158730161
-1403.8730158730161
-1414.8730158730161
-1425.8730158730161
-1436.8730158730161
-1447.8730158730161
-1458.8730158730161
-1469.8730158730161
-1480.8730158730161
-1491.8730158730161
-1502.8730158730161
-1513.8730158730161
-1524.8730158730161
-1535.8730158730161
-1546.8730158730161
-1557.8730158730161
-1568.8730158730161
-1579.8730158730161
-1590.8730158730161
-1601.8730158730161
-1612.8730158730161
-1623.8730158730161
-1634.8730158730161
-1645.8730158730161
-1656.8730158730161
-1667.8730158730161
-1678.8730158730161
-1689.8730158730161
-1700.8730158730161
-1711.8730158730161
-1722.8730158730161
-1733.8730158730161
-1744.8730158730161
-1755.8730158730161
-1766.8730158730161
-1777.8730158730161
-1788.8730158730161
-1799.8730158730161
-1810.8730158730161
-1821.8730158730161
-1832.8730158730161
-1804.5396825396826
-1815.5396825396826
-1826.5396825396826
-1837.5396825396826
-1848.5396825396826
-1859.5396825396826
-1870.5396825396826
-1881.5396825396826
-1892.5396825396826
-1903.5396825396826
-1914.5396825396826
-1925.5396825396826
-1936.5396825396826
-1871.8730158730161
-1882.8730158730161
-1893.8730158730161
-1904.8730158730161
-1915.8730158730161
-1926.8730158730161
-1937.8730158730161
-1948.8730158730161
-1959.8730158730161
-1970.8730158730161
-1981.8730158730161
-1992.8730158730161
-2003.8730158730161
-1981.3015873015877
-1992.3015873015877
-2003.3015873015877
-2014.3015873015877
-2025.3015873015877
-2036.3015873015877
-2047.3015873015877
-2058.3015873015875
-2069.3015873015875
-2080.3015873015875
-2091.3015873015875
-2102.3015873015875
-2113.3015873015875
-2124.3015873015875
-2135.3015873015875
-2146.3015873015875
-2157.3015873015875
-2168.3015873015875
-2179.3015873015875
-2150.9682539682544
-2161.9682539682544
-2172.9682539682544
-2183.9682539682544
-2194.9682539682544
-2166.6349206349214
-2177.6349206349214
-2188.6349206349214
-2199.6349206349214
-2210.6349206349214
-2221.6349206349214
-2232.6349206349214
-2243.6349206349214
-2254.6349206349214
-2236.6349206349214
-2247.6349206349214
-2258.6349206349214
-2269.6349206349214
-2280.6349206349214
-2291.6349206349214
-2302.6349206349214
-2313.6349206349214
-2324.6349206349214
-2335.6349206349214
-2346.6349206349214
-2357.6349206349214
-2368.6349206349214
-2379.6349206349214
-2390.6349206349214
-2401.6349206349214
-2412.6349206349214
-2423.6349206349214
-2434.6349206349214
-2445.6349206349214
-2456.6349206349214
-2467.6349206349214
-2478.6349206349214
-2489.6349206349214
-2500.6349206349214
-2511.6349206349214
-2475.6349206349214
-2486.6349206349214
-2497.6349206349214
-2508.6349206349214
-2519.6349206349214
-2530.6349206349214
-2541.6349206349214
-2552.6349206349214
-2563.6349206349214
-2574.6349206349214
-2585.6349206349214
-2596.6349206349214
-2607.6349206349214
-2618.6349206349214
-2629.6349206349214
-2640.6349206349214
-2651.6349206349214
-2662.6349206349214
-2563.6349206349214
-2574.6349206349214
-2585.6349206349214
-2596.6349206349214
-2607.6349206349214
-2618.6349206349214
-2629.6349206349214
-2640.6349206349214
-2575.9682539682544
-2586.9682539682544
-2597.9682539682544
-2608.9682539682544
-2619.9682539682544
-2630.9682539682544
-2641.9682539682544
-2652.9682539682544
-2663.9682539682544
-2674.9682539682544
-2656.9682539682544
-2667.9682539682544
-2678.9682539682544
-2689.9682539682544
-2700.9682539682544
-2711.9682539682544
-2722.9682539682544
-2686.9682539682544
-2697.9682539682544
-2708.9682539682544
-2719.9682539682544
-2730.9682539682544
-2741.9682539682544
-2752.9682539682544
-2653.9682539682544
-2664.9682539682544
-2675.9682539682544
-2686.9682539682544
-2697.9682539682544
-2708.9682539682544
-2719.9682539682544
-2655.3015873015875
-2644.3015873015875
-2655.3015873015875
-2666.3015873015875
-2677.3015873015875
-2688.3015873015875
-2699.3015873015875
-2710.3015873015875
-2721.3015873015875
-2732.3015873015875
-2743.3015873015875
-2754.3015873015875
-2765.3015873015875
-2776.3015873015875
-2787.3015873015875
-2798.3015873015875
-2809.3015873015875
-2820.3015873015875
-2831.3015873015875
-2842.3015873015875
-2853.3015873015875
-2864.3015873015875
-2875.3015873015875
-2886.3015873015875
-2897.3015873015875
-2908.3015873015875
-2919.3015873015875
-2930.3015873015875
-2912.3015873015875
-2923.3015873015875
-2934.3015873015875
-2945.3015873015875
-2956.3015873015875
-2967.3015873015875
-2949.3015873015875
-2960.3015873015875
-2971.3015873015875
-2982.3015873015875
-2993.3015873015875
-3004.3015873015875
-3015.3015873015875
-3026.3015873015875
-3037.3015873015875
-3048.3015873015875
-3059.3015873015875
-3070.3015873015875
-3081.3015873015875
-3092.3015873015875
-3027.6349206349205
-3038.6349206349205
-3049.6349206349205
-3060.6349206349205
-3071.6349206349205
-3082.6349206349205
-3093.6349206349205
-3104.6349206349205
-3115.6349206349205
-3126.6349206349205
-3137.6349206349205
-3148.6349206349205
-3159.6349206349205
-3170.6349206349205
-3181.6349206349205
-3192.6349206349205
-3203.6349206349205
-3214.6349206349205
-3225.6349206349205
-3236.6349206349205
-3218.6349206349205
-3229.6349206349205
-3201.3015873015875
-3212.3015873015875
-3223.3015873015875
-3234.3015873015875
-3245.3015873015875
-3256.3015873015875
-3267.3015873015875
-3253.079365079365
-3264.079365079365
-3275.079365079365
-3286.079365079365
-3297.079365079365
-3279.079365079365
-3290.079365079365
-3301.079365079365
-3312.079365079365
-3323.079365079365
-3334.079365079365
-3345.079365079365
-3356.079365079365
-3367.079365079365
-3378.079365079365
-3389.079365079365
-3400.079365079365
-3335.412698412698
-3346.412698412698
-3357.412698412698
-3368.412698412698
-3379.412698412698
-3390.412698412698
-3401.412698412698
-3412.412698412698
-3423.412698412698
-3434.412698412698
-3445.412698412698
-3456.412698412698
-3467.412698412698
-3478.412698412698
-3489.412698412698
-3500.412698412698
-3511.412698412698
-3522.412698412698
-3533.412698412698
-3544.412698412698
-3533.412698412698
-3544.412698412698
-3555.412698412698
-3566.412698412698
-3577.412698412698
-3588.412698412698
-3599.412698412698
-3571.079365079365
-3582.079365079365
-3483.079365079365
-3494.079365079365
-3505.079365079365
-3516.079365079365
-3527.079365079365
-3538.079365079365
-3549.079365079365
-3560.079365079365
-3571.079365079365
-3582.079365079365
-3593.079365079365
-3604.079365079365
-3615.079365079365
-3626.079365079365
-3637.079365079365
-3572.412698412698
-3583.412698412698
-3594.412698412698
-3605.412698412698
-3616.412698412698
-3627.412698412698
-3638.412698412698
-3649.412698412698
-3660.412698412698
-3671.412698412698
-3572.412698412698
-3583.412698412698
-3594.412698412698
-3605.412698412698
-3616.412698412698
-3627.412698412698
-3638.412698412698
-3649.412698412698
-3626.8412698412694
-3637.8412698412694
-3648.8412698412694
-3659.8412698412694
-3670.8412698412694
-3634.8412698412694
-3620.619047619047
-3609.619047619047
-3620.619047619047
-3631.619047619047
-3642.619047619047
-3653.619047619047
-3664.619047619047
-3675.619047619047
-3686.619047619047
-3697.619047619047
-3708.619047619047
-3719.619047619047
-3730.619047619047
-3741.619047619047
-3705.619047619047
-3716.619047619047
-3727.619047619047
-3738.619047619047
-3749.619047619047
-3760.619047619047
-3771.619047619047
-3782.619047619047
-3793.619047619047
-3804.619047619047
-3815.619047619047
-3826.619047619047
-3837.619047619047
-3848.619047619047
-3826.0476190476184
-3837.0476190476184
-3848.0476190476184
-3859.0476190476184
-3870.0476190476184
-3881.0476190476184
-3870.0476190476184
-3881.0476190476184
-3892.0476190476184
-3903.0476190476184
-3914.0476190476184
-3925.0476190476184
-3936.0476190476184
-3947.0476190476184
-3958.0476190476184
-3969.0476190476184
-3980.0476190476184
-3991.0476190476184
-4002.0476190476184
-4013.0476190476184
-4024.0476190476184
-4035.0476190476184
-4046.0476190476184
-3999.0476190476184
-4010.0476190476184
-4021.0476190476184
-4032.0476190476184
-4043.0476190476184
-4054.0476190476184
-4043.0476190476184
-4054.0476190476184
-4065.0476190476184
-4076.0476190476184
-4087.0476190476184
-4098.047619047618
-4109.047619047618
-4120.047619047618
-4131.047619047618
-4142.047619047618
-4153.047619047618
-4164.047619047618
-4175.047619047618
-4186.047619047618
-4197.047619047618
-4208.047619047618
-4219.047619047618
-4230.047619047618
-4241.047619047618
-4205.047619047618
-4216.047619047618
-4227.047619047618
-4238.047619047618
-4249.047619047618
-4260.047619047618
-4271.047619047618
-4282.047619047618
-4235.047619047618
-4246.047619047618
-4257.047619047618
-4268.047619047618
-4279.047619047618
-4243.047619047618
-4254.047619047618
-4265.047619047618
-4276.047619047618
-4287.047619047618
-4298.047619047618
-4309.047619047618
