-11
-22
-33
-44
-55
-66
-77
-88
-99
-84.77777777777777
-95.77777777777777
-81.55555555555554
-92.55555555555554
-103.55555555555554
-114.55555555555554
-125.55555555555554
-136.55555555555554
-37.55555555555554
-48.55555555555554
-59.55555555555554
-70.55555555555554
-52.55555555555554
-63.55555555555554
35.44444444444446
24.444444444444457
13.444444444444457
2.444444444444457
-8.555555555555543
-19.555555555555543
-30.555555555555543
-41.55555555555554
-52.55555555555554
-5.555555555555543
-16.555555555555543
-27.555555555555543
-38.55555555555554
-49.55555555555554
-26.984126984126974
-37.98412698412697
-48.98412698412697
-59.98412698412697
-70.98412698412697
-81.98412698412697
-92.98412698412697
-103.98412698412697
-114.98412698412697
-125.98412698412697
-136.984126984127
-147.984126984127
-158.984126984127
-169.984126984127
-70.98412698412699
-81.98412698412699
-92.98412698412699
-103.98412698412699
-114.98412698412699
-125.98412698412699
-136.984126984127
-147.984126984127
-133.76190476190476
-144.76190476190476
-155.76190476190476
-166.76190476190476
-177.76190476190476
-188.76190476190476
-199.76190476190476
-210.76190476190476
-221.76190476190476
-232.76190476190476
-243.76190476190476
-144.76190476190476
-155.76190476190476
-166.76190476190476
-177.76190476190476
-188.76190476190476
-199.76190476190476
-210.76190476190476
-221.76190476190476
-232.76190476190476
-221.76190476190476
-232.76190476190476
-243.76190476190476
-254.76190476190476
-265.76190476190476
-276.76190476190476
-287.76190476190476
-298.76190476190476
-309.76190476190476
-320.76190476190476
-331.76190476190476
-342.76190476190476
-353.76190476190476
-364.76190476190476
-375.76190476190476
-386.76190476190476
-397.76190476190476
-408.76190476190476
-419.76190476190476
-401.76190476190476
-412.76190476190476
-423.76190476190476
-434.76190476190476
-445.76190476190476
-456.76190476190476
-467.76190476190476
-478.76190476190476
-456.1904761904762
-467.1904761904762
-478.1904761904762
-449.85714285714283
-460.85714285714283
-471.85714285714283
-482.85714285714283
-493.85714285714283
-446.85714285714283
-457.85714285714283
-468.85714285714283
-479.85714285714283
-490.85714285714283
-501.85714285714283
-512.8571428571429
-523.8571428571429
-534.8571428571429
-516.8571428571429
-494.28571428571433
-505.28571428571433
-516.2857142857143
-417.28571428571433
-428.28571428571433
-439.28571428571433
-450.28571428571433
-461.28571428571433
-472.28571428571433
-483.28571428571433
-494.28571428571433
-505.28571428571433
-516.2857142857143
-527.2857142857143
-538.2857142857143
-549.2857142857143
-560.2857142857143
-513.2857142857143
-524.2857142857143
-535.2857142857143
-546.2857142857143
-557.2857142857143
-568.2857142857143
-579.2857142857143
-590.2857142857143
-601.2857142857143
-612.2857142857143
-623.2857142857143
-612.2857142857143
-623.2857142857143
-634.2857142857143
-645.2857142857143
-656.2857142857143
-627.9523809523811
-638.9523809523811
-620.9523809523811
-631.9523809523811
-642.9523809523811
-653.9523809523811
-664.9523809523811
-600.2857142857143
-589.2857142857143
-600.2857142857143
-577.7142857142857
-588.7142857142857
-599.7142857142857
-610.7142857142857
-621.7142857142857
-632.7142857142857
-643.7142857142857
-654.7142857142857
-665.7142857142857
-676.7142857142857
-687.7142857142857
-698.7142857142857
-709.7142857142857
-720.7142857142857
-731.7142857142857
-742.7142857142857
-753.7142857142857
-764.7142857142857
-775.7142857142857
-753.142857142857
-764.142857142857
-775.142857142857
-786.142857142857
-797.142857142857
-808.142857142857
-819.142857142857
-754.4761904761903
-765.4761904761903
-776.4761904761903
-787.4761904761903
-798.4761904761903
-809.4761904761903
-820.4761904761903
-797.9047619047616
-808.9047619047616
-819.9047619047616
-830.9047619047616
-841.9047619047616
-852.9047619047616
-863.9047619047616
-764.9047619047616
-775.9047619047616
-786.9047619047616
-797.9047619047616
-808.9047619047616
-819.9047619047616
-830.9047619047616
-841.9047619047616
-852.9047619047616
-863.9047619047616
-874.9047619047616
-885.9047619047616
-871.6825396825394
-882.6825396825394
-893.6825396825394
-829.0158730158727
-840.0158730158727
-825.7936507936505
-761.1269841269838
-772.1269841269838
-783.1269841269838
-794.1269841269838
-805.1269841269838
-816.1269841269838
-827.1269841269838
-780.1269841269838
-791.1269841269838
-802.1269841269838
-813.1269841269838
-824.1269841269838
-835.1269841269838
-846.1269841269838
-857.1269841269838
-868.1269841269838
-879.1269841269838
-890.1269841269838
-901.1269841269838
-912.1269841269838
-923.1269841269838
-900.5555555555551
-911.5555555555551
-922.5555555555551
-933.5555555555551
-944.5555555555551
-955.5555555555551
-966.5555555555551
-977.5555555555551
-988.5555555555551
-999.5555555555551
-1010.5555555555551
-1021.5555555555551
-1032.5555555555552
-1043.5555555555552
-1020.9841269841266
-1031.9841269841268
-1042.9841269841268
-1053.9841269841268
-1064.9841269841268
-1075.9841269841268
-1086.9841269841268
-1097.9841269841268
-1108.9841269841268
-1119.9841269841268
-1130.9841269841268
-1066.3174603174602
-1077.3174603174602
-1088.3174603174602
-1099.3174603174602
-1110.3174603174602
-1121.3174603174602
-1132.3174603174602
-1143.3174603174602
-1114.9841269841268
-1125.9841269841268
-1114.9841269841268
-1125.9841269841268
-1136.9841269841268
-1118.9841269841268
-1129.9841269841268
-1140.9841269841268
-1112.6507936507933
-1123.6507936507933
-1134.6507936507933
-1145.6507936507933
-1080.9841269841268
-1091.9841269841268
-1102.9841269841268
-1113.9841269841268
-1124.9841269841268
-1135.9841269841268
-1146.9841269841268
-1157.9841269841268
-1168.9841269841268
-1179.9841269841268
-1080.9841269841268
-1052.6507936507933
-1063.6507936507933
-1074.6507936507933
-1085.6507936507933
-1096.6507936507933
-1107.6507936507933
-1118.6507936507933
-1129.6507936507933
-1140.6507936507933
-1151.6507936507933
-1162.6507936507933
-1173.6507936507933
-1184.6507936507933
-1195.6507936507933
-1206.6507936507933
-1217.6507936507933
-1228.6507936507933
-1239.6507936507933
-1250.6507936507933
-1261.6507936507933
-1272.6507936507933
-1283.6507936507933
-1294.6507936507933
-1305.6507936507933
-1283.0793650793648
-1294.0793650793648
-1305.0793650793648
-1316.0793650793648
-1217.0793650793648
-1228.0793650793648
-1239.0793650793648
-1250.0793650793648
-1261.0793650793648
-1272.0793650793648
-1283.0793650793648
-1294.0793650793648
-1305.0793650793648
-1316.0793650793648
-1327.0793650793648
-1338.0793650793648
-1349.0793650793648
-1334.8571428571427
-1345.8571428571427
-1356.8571428571427
-1367.8571428571427
-1378.8571428571427
-1389.8571428571427
-1400.8571428571427
-1411.8571428571427
-1422.8571428571427
-1433.8571428571427
-1444.8571428571427
-1455.8571428571427
-1466.8571428571427
-1477.8571428571427
-1488.8571428571427
-1499.8571428571427
-1510.8571428571427
-1521.8571428571427
-1532.8571428571427
-1543.8571428571427
-1554.8571428571427
-1565.8571428571427
-1576.8571428571427
-1587.8571428571427
-1598.8571428571427
-1609.8571428571427
-1620.8571428571427
-1631.8571428571427
-1642.8571428571427
-1653.8571428571427
-1635.8571428571427
-1646.8571428571427
-1657.8571428571427
-1668.8571428571427
-1679.8571428571427
-1690.8571428571427
-1701.8571428571427
-1712.8571428571427
-1723.8571428571427
-1695.5238095238092
-1706.5238095238092
-1717.5238095238092
-1728.5238095238092
-1739.5238095238092
-1750.5238095238092
-1736.301587301587
-1747.301587301587
-1758.301587301587
-1769.301587301587
-1780.301587301587
-1751.9682539682535
-1762.9682539682535
-1773.9682539682535
-1784.9682539682535
-1795.9682539682535
-1806.9682539682535
-1817.9682539682535
-1828.9682539682535
-1729.9682539682535
-1740.9682539682535
-1751.9682539682535
-1762.9682539682535
-1773.9682539682535
-1784.9682539682535
-1795.9682539682535
-1806.9682539682535
-1817.9682539682535
-1828.9682539682535
-1839.9682539682535
-1850.9682539682535
-1814.9682539682535
-1825.9682539682535
-1836.9682539682535
-1847.9682539682535
-1858.9682539682535
-1869.9682539682535
-1880.9682539682535
-1891.9682539682535
-1880.9682539682535
-1891.9682539682535
-1902.9682539682535
-1913.9682539682535
-1924.9682539682535
-1935.9682539682535
-1946.9682539682535
-1957.9682539682535
-1968.9682539682535
-1979.9682539682535
-1915.301587301587
-1926.301587301587
-1937.301587301587
-1948.301587301587
-1959.301587301587
-1970.301587301587
-1981.301587301587
-1992.301587301587
-2003.301587301587
-2014.301587301587
-2025.301587301587
-2036.301587301587
-2047.301587301587
-2058.301587301587
-2047.301587301587
-2058.301587301587
-2069.301587301587
-2080.301587301587
-2091.301587301587
-2102.301587301587
-2113.301587301587
-2124.301587301587
-2059.63492063492
-2070.63492063492
-2081.63492063492
-2092.63492063492
-2103.63492063492
-2114.63492063492
-2125.63492063492
-2136.63492063492
-2147.63492063492
-2119.301587301587
-2130.301587301587
-2141.301587301587
-2152.301587301587
-2123.968253968254
-2134.968253968254
-2145.968253968254
-2156.968253968254
-2167.968253968254
-2120.968253968254
-2131.968253968254
-2142.968253968254
-2153.968253968254
-2164.968253968254
-2175.968253968254
-2186.968253968254
-2197.968253968254
-2208.968253968254
-2219.968253968254
-2230.968253968254
-2183.968253968254
-2194.968253968254
-2205.968253968254
-2216.968253968254
-2205.968253968254
-2216.968253968254
-2227.968253968254
-2238.968253968254
-2249.968253968254
-2260.968253968254
-2271.968253968254
-2257.7460317460313
-2268.7460317460313
-2279.7460317460313
-2290.7460317460313
-2301.7460317460313
-2312.7460317460313
-2323.7460317460313
-2334.7460317460313
-2345.7460317460313
-2356.7460317460313
-2328.4126984126983
-2339.4126984126983
-2350.4126984126983
-2361.4126984126983
-2372.4126984126983
-2383.4126984126983
-2394.4126984126983
-2405.4126984126983
-2377.0793650793653
-2388.0793650793653
-2399.0793650793653
-2410.0793650793653
-2421.0793650793653
-2432.0793650793653
-2443.0793650793653
-2454.0793650793653
-2436.0793650793653
-2447.0793650793653
-2458.0793650793653
-2469.0793650793653
-2480.0793650793653
-2491.0793650793653
-2502.0793650793653
-2513.0793650793653
-2524.0793650793653
-2535.0793650793653
-2546.0793650793653
-2557.0793650793653
-2568.0793650793653
-2579.0793650793653
-2590.0793650793653
-2543.0793650793653
-2554.0793650793653
-2565.0793650793653
-2576.0793650793653
-2587.0793650793653
-2598.0793650793653
-2609.0793650793653
-2620.0793650793653
-2631.0793650793653
-2642.0793650793653
-2653.0793650793653
-2664.0793650793653
-2675.0793650793653
-2686.0793650793653
-2697.0793650793653
-2708.0793650793653
-2672.0793650793653
-2683.0793650793653
-2694.0793650793653
-2705.0793650793653
-2716.0793650793653
-2727.0793650793653
-2738.0793650793653
-2691.0793650793653
-2702.0793650793653
-2637.4126984126983
-2648.4126984126983
-2659.4126984126983
-2645.1904761904757
-2656.1904761904757
-2667.1904761904757
-2678.1904761904757
-2689.1904761904757
-2700.1904761904757
-2711.1904761904757
-2722.1904761904757
-2733.1904761904757
-2744.1904761904757
-2755.1904761904757
-2766.1904761904757
-2777.1904761904757
-2730.1904761904757
-2741.1904761904757
-2752.1904761904757
-2763.1904761904757
-2774.1904761904757
-2785.1904761904757
-2796.1904761904757
-2807.1904761904757
-2818.1904761904757
-2829.1904761904757
-2840.1904761904757
-2851.1904761904757
-2862.1904761904757
-2873.1904761904757
-2884.1904761904757
-2895.1904761904757
-2906.1904761904757
-2917.1904761904757
-2870.1904761904757
-2881.1904761904757
-2892.1904761904757
-2903.1904761904757
-2914.1904761904757
-2925.1904761904757
-2936.1904761904757
-2947.1904761904757
-2958.1904761904757
-2969.1904761904757
-2980.1904761904757
-2991.1904761904757
-3002.1904761904757
-2984.1904761904757
-2995.1904761904757
-3006.1904761904757
-3017.1904761904757
-3028.1904761904757
-2929.1904761904757
-2940.1904761904757
-2951.1904761904757
-2962.1904761904757
-2973.1904761904757
-2984.1904761904757
-2995.1904761904757
-3006.1904761904757
-3017.1904761904757
-3028.1904761904757
-3039.1904761904757
-3050.1904761904757
-3061.1904761904757
-3072.1904761904757
-3083.1904761904757
-3094.1904761904757
-3105.1904761904757
-3116.1904761904757
-3127.1904761904757
-3138.1904761904757
-3149.1904761904757
-3160.1904761904757
-3171.1904761904757
-3182.1904761904757
-3193.1904761904757
-3204.1904761904757
-3215.1904761904757
-3226.1904761904757
-3237.1904761904757
-3248.1904761904757
-3259.1904761904757
-3160.1904761904757
-3171.1904761904757
-3182.1904761904757
-3171.1904761904757
-3182.1904761904757
-3193.1904761904757
-3204.1904761904757
-3215.1904761904757
-3226.1904761904757
-3237.1904761904757
-3208.8571428571427
-3219.8571428571427
-3230.8571428571427
-3241.8571428571427
-3252.8571428571427
-3263.8571428571427
-3274.8571428571427
-3285.8571428571427
-3296.8571428571427
-3307.8571428571427
-3318.8571428571427
-3329.8571428571427
-3340.8571428571427
-3351.8571428571427
-3362.8571428571427
-3373.8571428571427
-3384.8571428571427
-3362.285714285714
-3373.285714285714
-3384.285714285714
-3395.285714285714
-3406.285714285714
-3417.285714285714
-3428.285714285714
-3381.285714285714
-3392.285714285714
-3403.285714285714
-3414.285714285714
-3425.285714285714
-3436.285714285714
-3447.285714285714
-3348.285714285714
-3359.285714285714
-3370.285714285714
-3381.285714285714
-3392.285714285714
-3403.285714285714
-3414.285714285714
-3425.285714285714
-3360.6190476190473
-3349.6190476190473
-3313.6190476190473
-3324.6190476190473
-3335.6190476190473
-3346.6190476190473
