-11
-22
-33
-44
-55
-66
-77
-88
-99
-81.0
-92.0
-103.0
-114.0
-125.0
-136.0
-147.0
-158.0
-169.0
-180.0
-191.0
-202.0
-213.0
-224.0
-235.0
-246.0
-257.0
-268.0
-279.0
-290.0
-301.0
-312.0
-323.0
-334.0
-345.0
-327.0
-338.0
-349.0
-360.0
-371.0
-382.0
-393.0
-404.0
-415.0
-426.0
-437.0
-448.0
-459.0
-470.0
-481.0
-492.0
-463.66666666666663
-474.66666666666663
-485.66666666666663
-496.66666666666663
-507.66666666666663
-518.6666666666666
-529.6666666666666
-540.6666666666666
-551.6666666666666
-562.6666666666666
-573.6666666666666
-584.6666666666666
-595.6666666666666
-496.66666666666663
-507.66666666666663
-408.66666666666663
-419.66666666666663
-430.66666666666663
-441.66666666666663
-452.66666666666663
-463.66666666666663
-474.66666666666663
-460.44444444444446
-471.44444444444446
-482.44444444444446
-493.44444444444446
-504.44444444444446
-515.4444444444445
-526.4444444444445
-537.4444444444445
-548.4444444444445
-559.4444444444445
-570.4444444444445
-581.4444444444445
-592.4444444444445
-603.4444444444445
-614.4444444444445
-625.4444444444445
-636.4444444444445
-647.4444444444445
-658.4444444444445
-669.4444444444445
-680.4444444444445
-691.4444444444445
-702.4444444444445
-637.7777777777777
-648.7777777777777
-659.7777777777777
-670.7777777777777
-681.7777777777777
-692.7777777777777
-703.7777777777777
-714.7777777777777
-725.7777777777777
-736.7777777777777
-747.7777777777777
-758.7777777777777
-769.7777777777777
-780.7777777777777
-791.7777777777777
-802.7777777777777
-813.7777777777777
-824.7777777777777
-835.7777777777777
-824.7777777777777
-835.7777777777777
-807.4444444444445
-818.4444444444445
-829.4444444444445
-840.4444444444445
-851.4444444444445
-862.4444444444445
-873.4444444444445
-884.4444444444445
-895.4444444444445
-906.4444444444445
-917.4444444444445
-928.4444444444445
-939.4444444444445
-950.4444444444445
-961.4444444444445
-972.4444444444445
-983.4444444444445
-994.4444444444445
-1005.4444444444445
-1016.4444444444445
-1027.4444444444443
-1038.4444444444443
-1049.4444444444443
-1060.4444444444443
-995.7777777777777
-1006.7777777777777
-1017.7777777777777
-1028.7777777777778
-1039.7777777777778
-1050.7777777777778
-1014.7777777777778
-1025.7777777777778
-1036.7777777777778
-1047.7777777777778
-1058.7777777777778
-1069.7777777777778
-1058.7777777777778
-1069.7777777777778
-1080.7777777777778
-1091.7777777777778
-1102.7777777777778
-1113.7777777777778
-1124.7777777777778
-1135.7777777777778
-1146.7777777777778
-1157.7777777777778
-1168.7777777777778
-1179.7777777777778
-1190.7777777777778
-1126.1111111111113
-1137.1111111111113
-1148.1111111111113
-1083.4444444444448
-1094.4444444444448
-1105.4444444444448
-1116.4444444444448
-1127.4444444444448
-1138.4444444444448
-1149.4444444444448
-1160.4444444444448
-1171.4444444444448
-1182.4444444444448
-1193.4444444444448
-1179.2222222222226
-1190.2222222222226
-1201.2222222222226
-1212.2222222222226
-1223.2222222222226
-1234.2222222222226
-1245.2222222222226
-1256.2222222222226
-1267.2222222222226
-1278.2222222222226
-1289.2222222222226
-1190.2222222222226
-1201.2222222222226
-1212.2222222222226
-1223.2222222222226
-1234.2222222222226
-1245.2222222222226
-1256.2222222222226
-1267.2222222222226
-1278.2222222222226
-1289.2222222222226
-1300.2222222222226
-1277.6507936507942
-1288.6507936507942
-1299.6507936507942
-1310.6507936507942
-1321.6507936507942
-1332.6507936507942
-1343.6507936507942
-1278.9841269841277
-1289.9841269841277
-1300.9841269841277
-1311.9841269841277
-1322.9841269841277
-1333.9841269841277
-1344.9841269841277
-1355.9841269841277
-1366.9841269841277
-1319.9841269841277
-1330.9841269841277
-1341.9841269841277
-1352.9841269841277
-1363.9841269841277
-1374.9841269841277
-1385.9841269841277
-1396.9841269841277
-1407.9841269841277
-1418.9841269841277
-1429.9841269841277
-1440.9841269841277
-1451.9841269841277
-1462.9841269841277
-1473.9841269841277
-1484.9841269841277
-1495.9841269841277
-1506.9841269841277
-1517.9841269841277
-1528.9841269841277
-1539.9841269841277
-1550.9841269841277
-1561.9841269841277
-1514.9841269841277
-1525.9841269841277
-1536.9841269841277
-1547.9841269841277
-1558.9841269841277
-1569.9841269841277
-1505.3174603174612
-1516.3174603174612
-1527.3174603174612
-1538.3174603174612
-1549.3174603174612
-1560.3174603174612
-1495.6507936507946
-1448.6507936507946
-1459.6507936507946
-1470.6507936507946
-1481.6507936507946
-1492.6507936507946
-1503.6507936507946
-1514.6507936507946
-1525.6507936507946
-1536.6507936507946
-1547.6507936507946
-1558.6507936507946
-1569.6507936507946
-1580.6507936507946
-1591.6507936507946
-1602.6507936507946
-1580.0793650793662
-1591.0793650793662
-1602.0793650793662
-1613.0793650793662
-1624.0793650793662
-1635.0793650793662
-1646.0793650793662
-1657.0793650793662
-1668.0793650793662
-1679.0793650793662
-1690.0793650793662
-1701.0793650793662
-1712.0793650793662
-1723.0793650793662
-1712.0793650793662
-1723.0793650793662
-1734.0793650793662
-1745.0793650793662
-1756.0793650793662
-1767.0793650793662
-1731.0793650793662
-1742.0793650793662
-1753.0793650793662
-1654.0793650793662
-1665.0793650793662
-1676.0793650793662
-1687.0793650793662
-1698.0793650793662
-1709.0793650793662
-1720.0793650793662
-1731.0793650793662
-1742.0793650793662
-1753.0793650793662
-1764.0793650793662
-1775.0793650793662
-1786.0793650793662
-1797.0793650793662
-1808.0793650793662
-1819.0793650793662
-1830.0793650793662
-1807.5079365079378
-1818.5079365079378
-1829.5079365079378
-1815.2857142857156
-1826.2857142857156
-1837.2857142857156
-1790.2857142857156
-1801.2857142857156
-1812.2857142857156
-1823.2857142857156
-1834.2857142857156
-1845.2857142857156
-1746.2857142857156
-1757.2857142857156
-1768.2857142857156
-1779.2857142857156
-1790.2857142857156
-1761.952380952382
-1772.952380952382
-1783.952380952382
-1794.952380952382
-1805.952380952382
-1816.952380952382
-1827.952380952382
-1838.952380952382
-1849.952380952382
-1860.952380952382
-1871.952380952382
-1849.3809523809537
-1860.3809523809537
-1871.3809523809537
-1882.3809523809537
-1893.3809523809537
-1904.3809523809537
-1915.3809523809537
-1926.3809523809537
-1937.3809523809537
-1948.3809523809537
-1959.3809523809537
-1970.3809523809537
-1981.3809523809537
-1992.3809523809537
-2003.3809523809537
-2014.3809523809537
-2025.3809523809537
-2036.3809523809537
-2047.3809523809537
-2058.3809523809537
-2069.3809523809537
-2004.7142857142871
-2015.7142857142871
-2026.7142857142871
-2037.7142857142871
-2048.714285714287
-2037.7142857142871
-2048.714285714287
-2059.714285714287
-2070.714285714287
-2081.714285714287
-2092.714285714287
-2103.714285714287
-2114.714285714287
-2125.714285714287
-2136.714285714287
-2147.714285714287
-2100.714285714287
-2111.714285714287
-2122.714285714287
-2133.714285714287
-2034.7142857142871
-2045.7142857142871
-2056.714285714287
-2067.714285714287
-2078.714285714287
-2089.714285714287
-2100.714285714287
-2111.714285714287
-2122.714285714287
-2133.714285714287
-2144.714285714287
-2155.714285714287
-2166.714285714287
-2177.714285714287
-2159.714285714287
-2170.714285714287
-2181.714285714287
-2192.714285714287
-2203.714285714287
-2214.714285714287
-2225.714285714287
-2236.714285714287
-2247.714285714287
-2258.714285714287
-2269.714285714287
-2280.714285714287
-2291.714285714287
-2302.714285714287
-2313.714285714287
-2324.714285714287
-2335.714285714287
-2346.714285714287
-2357.714285714287
-2368.714285714287
-2379.714285714287
-2390.714285714287
-2401.714285714287
-2412.714285714287
-2423.714285714287
-2434.714285714287
-2445.714285714287
-2456.714285714287
-2357.714285714287
-2368.714285714287
-2379.714285714287
-2390.714285714287
-2326.04761904762
-2337.04761904762
-2348.04761904762
-2359.04761904762
-2370.04761904762
-2381.04761904762
-2345.04761904762
-2356.04761904762
-2367.04761904762
-2378.04761904762
-2389.04761904762
-2400.04761904762
-2411.04761904762
-2422.04761904762
-2433.04761904762
-2444.04761904762
-2455.04761904762
-2466.04761904762
-2477.04761904762
-2488.04761904762
-2499.04761904762
-2510.04761904762
-2521.04761904762
-2532.04761904762
-2521.04761904762
-2532.04761904762
-2543.04761904762
-2554.04761904762
-2565.04761904762
-2576.04761904762
-2587.04761904762
-2598.04761904762
-2609.04761904762
-2620.04761904762
-2631.04761904762
-2642.04761904762
-2653.04761904762
-2664.04761904762
-2675.04761904762
-2686.04761904762
-2663.4761904761917
-2674.4761904761917
-2685.4761904761917
-2696.4761904761917
-2707.4761904761917
-2718.4761904761917
-2729.4761904761917
-2740.4761904761917
-2751.4761904761917
-2762.4761904761917
-2773.4761904761917
-2784.4761904761917
-2795.4761904761917
-2806.4761904761917
-2795.4761904761917
-2806.4761904761917
-2770.4761904761917
-2781.4761904761917
-2792.4761904761917
-2803.4761904761917
-2814.4761904761917
-2825.4761904761917
-2802.9047619047633
-2813.9047619047633
-2824.9047619047633
-2835.9047619047633
-2846.9047619047633
-2799.9047619047633
-2810.9047619047633
-2799.9047619047633
-2810.9047619047633
-2821.9047619047633
-2832.9047619047633
-2843.9047619047633
-2854.9047619047633
-2865.9047619047633
-2876.9047619047633
-2887.9047619047633
-2898.9047619047633
-2909.9047619047633
-2862.9047619047633
-2873.9047619047633
-2884.9047619047633
-2895.9047619047633
-2906.9047619047633
-2917.9047619047633
-2881.9047619047633
-2892.9047619047633
-2903.9047619047633
-2914.9047619047633
-2925.9047619047633
-2936.9047619047633
-2947.9047619047633
-2958.9047619047633
-2969.9047619047633
-2980.9047619047633
-2916.2380952380963
-2927.2380952380963
-2938.2380952380963
-2949.2380952380963
-2960.2380952380963
-2971.2380952380963
-2982.2380952380963
-2993.2380952380963
-3004.2380952380963
-3015.2380952380963
-3026.2380952380963
-3037.2380952380963
-3048.2380952380963
-3059.2380952380963
-3070.2380952380963
-3081.2380952380963
-3092.2380952380963
-3103.2380952380963
-3114.2380952380963
-3125.2380952380963
-3136.2380952380963
-3147.2380952380963
-3158.2380952380963
-3169.2380952380963
-3180.2380952380963
-3191.2380952380963
-3202.2380952380963
-3213.2380952380963
-3224.2380952380963
-3235.2380952380963
-3246.2380952380963
-3257.2380952380963
-3268.2380952380963
-3279.2380952380963
-3290.2380952380963
-3301.2380952380963
-3312.2380952380963
-3323.2380952380963
-3334.2380952380963
-3345.2380952380963
-3356.2380952380963
-3367.2380952380963
-3268.2380952380963
-3279.2380952380963
-3290.2380952380963
-3301.2380952380963
-3312.2380952380963
-3323.2380952380963
-3309.0158730158737
-3320.0158730158737
-3331.0158730158737
-3342.0158730158737
-3353.0158730158737
-3364.0158730158737
-3375.0158730158737
-3386.0158730158737
-3397.0158730158737
-3408.0158730158737
-3419.0158730158737
-3430.0158730158737
-3441.0158730158737
-3452.0158730158737
-3463.0158730158737
-3416.0158730158737
-3427.0158730158737
-3438.0158730158737
-3449.0158730158737
-3460.0158730158737
-3471.0158730158737
-3482.0158730158737
-3493.0158730158737
-3504.0158730158737
-3515.0158730158737
-3526.0158730158737
-3537.0158730158737
-3548.0158730158737
-3559.0158730158737
-3570.0158730158737
-3581.0158730158737
-3534.0158730158737
-3545.0158730158737
-3556.0158730158737
-3567.0158730158737
-3578.0158730158737
-3589.0158730158737
-3600.0158730158737
-3611.0158730158737
-3622.0158730158737
-3633.0158730158737
-3644.0158730158737
-3655.0158730158737
-3666.0158730158737
-3677.0158730158737
-3688.0158730158737
-3699.0158730158737
-3710.0158730158737
-3721.0158730158737
-3732.0158730158737
-3743.0158730158737
-3754.0158730158737
-3765.0158730158737
-3776.0158730158737
-3787.0158730158737
-3798.0158730158737
-3809.0158730158737
-3820.0158730158737
-3831.0158730158737
-3842.0158730158737
-3853.0158730158737
-3864.0158730158737
-3875.0158730158737
-3886.0158730158737
-3897.0158730158737
-3908.0158730158737
-3919.0158730158737
-3930.0158730158737
-3941.0158730158737
-3952.0158730158737
-3963.0158730158737
-3974.0158730158737
-3985.0158730158737
-3996.0158730158737
-3985.0158730158737
-3996.0158730158737
-4007.0158730158737
-4018.0158730158737
-4029.0158730158737
-4040.0158730158737
-4051.0158730158737
-4062.0158730158737
-4073.0158730158737
-4050.4444444444453
-4061.4444444444453
-4072.4444444444453
-4083.4444444444453
-4094.4444444444453
-4105.444444444445
-4116.444444444445
-4127.444444444445
-4138.444444444445
-4149.444444444445
-4160.444444444445
-4171.444444444445
-4182.444444444445
-4193.444444444445
-4170.873015873016
-4181.873015873016
-4192.873015873016
-4203.873015873016
-4214.873015873016
-4225.873015873016
-4236.873015873016
-4247.873015873016
-4258.873015873016
-4194.20634920635
-4205.20634920635
-4187.20634920635
-4198.20634920635
-4209.20634920635
-4220.20634920635
-4231.20634920635
-4242.20634920635
-4253.20634920635
-4264.20634920635
-4275.20634920635
-4286.20634920635
-4297.20634920635
-4308.20634920635
-4319.20634920635
-4330.20634920635
-4341.20634920635
