-11
0.0
-11.0
-22.0
-33.0
-44.0
-55.0
9.666666666666671
-1.3333333333333286
-12.333333333333329
-1.3333333333333286
34.66666666666667
23.66666666666667
12.666666666666671
1.6666666666666714
-9.333333333333329
-20.33333333333333
-31.33333333333333
-42.33333333333333
-53.33333333333333
-64.33333333333333
-75.33333333333333
-86.33333333333333
-97.33333333333333
-108.33333333333333
-119.33333333333333
-130.33333333333331
-141.33333333333331
-152.33333333333331
-163.33333333333331
-174.33333333333331
-185.33333333333331
-174.33333333333331
-127.33333333333331
-138.33333333333331
-149.33333333333331
-160.33333333333331
-171.33333333333331
-182.33333333333331
-193.33333333333331
-204.33333333333331
-215.33333333333331
-226.33333333333331
-237.33333333333331
-248.33333333333331
-259.3333333333333
-270.3333333333333
-281.3333333333333
-292.3333333333333
-303.3333333333333
-314.3333333333333
-325.3333333333333
-336.3333333333333
-347.3333333333333
-358.3333333333333
-369.3333333333333
-380.3333333333333
-351.99999999999994
-362.99999999999994
-263.99999999999994
-274.99999999999994
-285.99999999999994
-296.99999999999994
-307.99999999999994
-243.3333333333333
-254.3333333333333
-265.33333333333326
-276.33333333333326
-287.33333333333326
-298.33333333333326
-309.33333333333326
-320.33333333333326
-331.33333333333326
-342.33333333333326
-353.33333333333326
-364.33333333333326
-375.33333333333326
-386.33333333333326
-397.33333333333326
-408.33333333333326
-419.33333333333326
-372.33333333333326
-383.33333333333326
-394.33333333333326
-405.33333333333326
-416.33333333333326
-427.33333333333326
-438.33333333333326
-449.33333333333326
-460.33333333333326
-471.33333333333326
-482.33333333333326
-493.33333333333326
-504.33333333333326
-515.3333333333333
-526.3333333333333
-537.3333333333333
-548.3333333333333
-559.3333333333333
-570.3333333333333
-581.3333333333333
-592.3333333333333
-603.3333333333333
-614.3333333333333
-625.3333333333333
-636.3333333333333
-647.3333333333333
-658.3333333333333
-669.3333333333333
-680.3333333333333
-691.3333333333333
-702.3333333333333
-713.3333333333333
-724.3333333333333
-735.3333333333333
-746.3333333333333
-757.3333333333333
-768.3333333333333
-779.3333333333333
-761.3333333333333
-772.3333333333333
-783.3333333333333
-747.3333333333333
-758.3333333333333
-722.3333333333333
-733.3333333333333
-744.3333333333333
-755.3333333333333
-766.3333333333333
-777.3333333333333
-788.3333333333333
-799.3333333333333
-788.3333333333333
-799.3333333333333
-810.3333333333333
-821.3333333333333
-832.3333333333333
-843.3333333333333
-854.3333333333333
-865.3333333333333
-876.3333333333333
-887.3333333333333
-898.3333333333333
-909.3333333333333
-920.3333333333333
-931.3333333333333
-942.3333333333333
-953.3333333333333
-964.3333333333333
-975.3333333333333
-986.3333333333333
-997.3333333333333
-1008.3333333333333
-1019.3333333333333
-1030.3333333333333
-1041.3333333333333
-1052.3333333333333
-1063.3333333333333
-1074.3333333333333
-1085.3333333333333
-1096.3333333333333
-1107.3333333333333
-1118.3333333333333
-1129.3333333333333
-1140.3333333333333
-1151.3333333333333
-1162.3333333333333
-1173.3333333333333
-1184.3333333333333
-1195.3333333333333
-1130.6666666666667
-1141.6666666666667
-1152.6666666666667
-1163.6666666666667
-1174.6666666666667
-1185.6666666666667
-1196.6666666666667
-1207.6666666666667
-1218.6666666666667
-1229.6666666666667
-1240.6666666666667
-1251.6666666666667
-1262.6666666666667
-1273.6666666666667
-1284.6666666666667
-1295.6666666666667
-1306.6666666666667
-1317.6666666666667
-1328.6666666666667
-1339.6666666666667
-1292.6666666666667
-1278.4444444444446
-1289.4444444444446
-1300.4444444444446
-1311.4444444444446
-1300.4444444444446
-1311.4444444444446
-1322.4444444444446
-1333.4444444444446
-1344.4444444444446
-1355.4444444444446
-1366.4444444444446
-1377.4444444444446
-1388.4444444444446
-1399.4444444444446
-1410.4444444444446
-1421.4444444444446
-1432.4444444444446
-1443.4444444444446
-1344.4444444444446
-1355.4444444444446
-1366.4444444444446
-1377.4444444444446
-1388.4444444444446
-1399.4444444444446
-1410.4444444444446
-1421.4444444444446
-1432.4444444444446
-1443.4444444444446
-1454.4444444444446
-1465.4444444444446
-1476.4444444444446
-1487.4444444444446
-1498.4444444444446
-1509.4444444444446
-1520.4444444444446
-1531.4444444444446
-1542.4444444444446
-1553.4444444444446
-1564.4444444444446
-1575.4444444444446
-1586.4444444444446
-1597.4444444444446
-1608.4444444444446
-1585.8730158730161
-1563.3015873015877
-1574.3015873015877
-1585.3015873015877
-1596.3015873015877
-1607.3015873015877
-1618.3015873015877
-1629.3015873015877
-1640.3015873015877
-1651.3015873015877
-1662.3015873015877
-1673.3015873015877
-1684.3015873015877
-1695.3015873015877
-1706.3015873015877
-1717.3015873015877
-1728.3015873015877
-1739.3015873015877
-1750.3015873015877
-1761.3015873015877
-1772.3015873015877
-1783.3015873015877
-1794.3015873015877
-1805.3015873015877
-1816.3015873015877
-1827.3015873015877
-1838.3015873015877
-1849.3015873015877
-1860.3015873015877
-1871.3015873015877
-1882.3015873015877
-1817.6349206349212
-1828.6349206349212
-1839.6349206349212
-1850.6349206349212
-1861.6349206349212
-1872.6349206349212
-1844.3015873015877
-1855.3015873015877
-1866.3015873015877
-1877.3015873015877
-1888.3015873015877
-1899.3015873015877
-1910.3015873015877
-1921.3015873015877
-1932.3015873015877
-1943.3015873015877
-1954.3015873015877
-1965.3015873015877
-1976.3015873015877
-1987.3015873015877
-1998.3015873015877
-2009.3015873015877
-2020.3015873015877
-2031.3015873015877
-2017.0793650793655
-1918.0793650793655
-1929.0793650793655
-1940.0793650793655
-1951.0793650793655
-1928.507936507937
-1863.8412698412706
-1874.8412698412706
-1885.8412698412706
-1896.8412698412706
-1907.8412698412706
-1879.507936507937
-1890.507936507937
-1901.507936507937
-1912.507936507937
-1923.507936507937
-1934.507936507937
-1945.507936507937
-1956.507936507937
-1967.507936507937
-1978.507936507937
-1989.507936507937
-2000.507936507937
-2011.507936507937
-2000.507936507937
-2011.507936507937
-2022.507936507937
-2033.507936507937
-2044.507936507937
-2055.5079365079373
-2066.5079365079373
-2077.5079365079373
-2088.5079365079373
-2099.5079365079373
-2110.5079365079373
-2121.5079365079373
-2132.5079365079373
-2143.5079365079373
-2154.5079365079373
-2165.5079365079373
-2176.5079365079373
-2187.5079365079373
-2198.5079365079373
-2209.5079365079373
-2220.5079365079373
-2231.5079365079373
-2242.5079365079373
-2253.5079365079373
-2154.5079365079373
-2165.5079365079373
-2176.5079365079373
-2187.5079365079373
-2198.5079365079373
-2209.5079365079373
-2220.5079365079373
-2231.5079365079373
-2208.936507936509
-2194.7142857142862
-2205.7142857142862
-2216.7142857142862
-2227.7142857142862
-2238.7142857142862
-2249.7142857142862
-2260.7142857142862
-2271.7142857142862
-2282.7142857142862
-2293.7142857142862
-2304.7142857142862
-2315.7142857142862
-2326.7142857142862
-2337.7142857142862
-2309.380952380953
-2320.380952380953
-2331.380952380953
-2342.380952380953
-2353.380952380953
-2364.380952380953
-2375.380952380953
-2386.380952380953
-2397.380952380953
-2408.380952380953
-2419.380952380953
-2430.380952380953
-2441.380952380953
-2452.380952380953
-2463.380952380953
-2474.380952380953
-2485.380952380953
-2471.1587301587306
-2435.1587301587306
-2446.1587301587306
-2457.1587301587306
-2468.1587301587306
-2479.1587301587306
-2490.1587301587306
-2501.1587301587306
-2512.1587301587306
-2523.1587301587306
-2534.1587301587306
-2545.1587301587306
-2556.1587301587306
-2567.1587301587306
-2578.1587301587306
-2589.1587301587306
-2600.1587301587306
-2611.1587301587306
-2593.1587301587306
-2582.1587301587306
-2593.1587301587306
-2604.1587301587306
-2615.1587301587306
-2626.1587301587306
-2637.1587301587306
-2648.1587301587306
-2659.1587301587306
-2670.1587301587306
-2681.1587301587306
-2692.1587301587306
-2703.1587301587306
-2714.1587301587306
-2725.1587301587306
-2678.1587301587306
-2689.1587301587306
-2700.1587301587306
-2711.1587301587306
-2722.1587301587306
-2733.1587301587306
-2744.1587301587306
-2755.1587301587306
-2766.1587301587306
-2777.1587301587306
-2678.1587301587306
-2689.1587301587306
-2700.1587301587306
-2711.1587301587306
-2696.936507936508
-2707.936507936508
-2685.3650793650795
-2696.3650793650795
-2707.3650793650795
-2718.3650793650795
-2729.3650793650795
-2740.3650793650795
-2751.3650793650795
-2762.3650793650795
-2773.3650793650795
-2784.3650793650795
-2761.793650793651
-2697.126984126984
-2708.126984126984
-2719.126984126984
-2730.126984126984
-2741.126984126984
-2752.126984126984
-2763.126984126984
-2774.126984126984
-2709.460317460317
-2720.460317460317
-2731.460317460317
-2742.460317460317
-2753.460317460317
-2764.460317460317
-2775.460317460317
-2786.460317460317
-2768.460317460317
-2779.460317460317
-2790.460317460317
-2801.460317460317
-2778.8888888888887
-2789.8888888888887
-2800.8888888888887
-2811.8888888888887
-2822.8888888888887
-2833.8888888888887
-2844.8888888888887
-2855.8888888888887
-2866.8888888888887
-2877.8888888888887
-2888.8888888888887
-2899.8888888888887
-2910.8888888888887
-2921.8888888888887
-2932.8888888888887
-2943.8888888888887
-2954.8888888888887
-2965.8888888888887
-2976.8888888888887
-2987.8888888888887
-2998.8888888888887
-3009.8888888888887
-3020.8888888888887
-3031.8888888888887
-3042.8888888888887
-3053.8888888888887
-3064.8888888888887
-3075.8888888888887
-3086.8888888888887
-2987.8888888888887
-2998.8888888888887
-3009.8888888888887
-3020.8888888888887
-3031.8888888888887
-3042.8888888888887
-3053.8888888888887
-3064.8888888888887
-3075.8888888888887
-3086.8888888888887
-3097.8888888888887
-3108.8888888888887
-3119.8888888888887
-3130.8888888888887
-3141.8888888888887
-3152.8888888888887
-3163.8888888888887
-3174.8888888888887
-3185.8888888888887
-3196.8888888888887
-3207.8888888888887
-3218.8888888888887
-3229.8888888888887
-3240.8888888888887
-3251.8888888888887
-3262.8888888888887
-3273.8888888888887
-3284.8888888888887
-3295.8888888888887
-3306.8888888888887
-3317.8888888888887
-3328.8888888888887
-3339.8888888888887
-3350.8888888888887
-3361.8888888888887
-3372.8888888888887
-3383.8888888888887
-3394.8888888888887
-3405.8888888888887
-3416.8888888888887
-3427.8888888888887
-3438.8888888888887
-3449.8888888888887
-3460.8888888888887
-3471.8888888888887
-3482.8888888888887
-3493.8888888888887
-3504.8888888888887
-3515.8888888888887
-3497.8888888888887
-3508.8888888888887
-3490.8888888888887
-3501.8888888888887
-3483.8888888888887
-3494.8888888888887
-3505.8888888888887
-3516.8888888888887
-3527.8888888888887
-3538.8888888888887
-3549.8888888888887
-3560.8888888888887
-3571.8888888888887
-3582.8888888888887
-3593.8888888888887
-3604.8888888888887
-3615.8888888888887
-3626.8888888888887
-3637.8888888888887
-3573.2222222222217
-3584.2222222222217
-3537.2222222222217
-3548.2222222222217
-3559.2222222222217
-3548.2222222222217
-3559.2222222222217
-3570.2222222222217
-3581.2222222222217
-3592.2222222222217
-3603.2222222222217
-3592.2222222222217
-3603.2222222222217
-3614.2222222222217
-3625.2222222222217
-3636.2222222222217
-3647.2222222222217
-3658.2222222222217
-3640.2222222222217
-3651.2222222222217
-3662.2222222222217
-3673.2222222222217
-3684.2222222222217
-3695.2222222222217
-3706.2222222222217
-3688.2222222222217
-3699.2222222222217
-3710.2222222222217
-3692.2222222222217
-3703.2222222222217
-3714.2222222222217
-3725.2222222222217
-3736.2222222222217
-3718.2222222222217
-3729.2222222222217
-3740.2222222222217
-3751.2222222222217
-3762.2222222222217
-3773.2222222222217
-3784.2222222222217
-3795.2222222222217
-3806.2222222222217
-3741.5555555555547
-3752.5555555555547
-3763.5555555555547
-3774.5555555555547
-3785.5555555555547
-3796.5555555555547
-3807.5555555555547
-3818.5555555555547
-3829.5555555555547
-3840.5555555555547
-3851.5555555555547
-3862.5555555555547
-3873.5555555555547
-3884.5555555555547
-3895.5555555555547
-3906.5555555555547
-3917.5555555555547
-3928.5555555555547
-3939.5555555555547
-3950.5555555555547
-3961.5555555555547
-3972.5555555555547
-3983.5555555555547
-3994.5555555555547
-4005.5555555555547
-4016.5555555555547
-4027.5555555555547
-4038.5555555555547
-4049.5555555555547
-4060.5555555555547
-4071.5555555555547
-4082.5555555555547
-4093.5555555555547
-4104.555555555555
-4115.555555555555
-4126.555555555555
-4137.555555555555
-4148.555555555555
-4159.555555555555
-4170.555555555555
-4181.555555555555
-4170.555555555555
-4181.555555555555
-4192.555555555555
-4203.555555555555
-4214.555555555555
-4225.555555555555
-4236.555555555555
-4247.555555555555
-4258.555555555555
-4269.555555555555
-4170.555555555555
-4147.984126984125
-4158.984126984125
-4169.984126984125
-4180.984126984125
-4191.984126984125
-4202.984126984125
-4213.984126984125
-4224.984126984125
-4235.984126984125
-4246.984126984125
-4257.984126984125
-4268.984126984125
-4221.984126984125
-4232.984126984125
-4243.984126984125
-4254.984126984125
-4265.984126984125
-4276.984126984125
-4229.984126984125
-4211.984126984125
-4222.984126984125
-4233.984126984125
-4244.984126984125
-4255.984126984125
-4244.984126984125
-4255.984126984125
-4266.984126984125
-4277.984126984125
-4288.984126984125
-4299.984126984125
-4310.984126984125
-4321.984126984125
-4332.984126984125
-4343.984126984125
-4354.984126984125
-4365.984126984125
-4376.984126984125
-4387.984126984125
-4398.984126984125
-4409.984126984125
