-11
-22
-33
-44
-55
-66
-77
-88
-99
-110
-92.0
-103.0
-114.0
-125.0
-136.0
-147.0
-158.0
-169.0
-180.0
-191.0
-202.0
-213.0
-224.0
-235.0
-246.0
-257.0
-268.0
-279.0
-180.0
-191.0
-202.0
-213.0
-224.0
-235.0
-246.0
-257.0
-268.0
-279.0
-290.0
-301.0
-312.0
-323.0
-287.0
-298.0
-309.0
-320.0
-331.0
-342.0
-353.0
-364.0
-375.0
-386.0
-371.7777777777778
-382.7777777777778
-393.7777777777778
-404.7777777777778
-415.7777777777778
-426.7777777777778
-437.7777777777778
-448.7777777777778
-459.7777777777778
-470.7777777777778
-481.7777777777778
-492.7777777777778
-478.55555555555566
-489.55555555555566
-390.55555555555566
-401.55555555555566
-412.55555555555566
-423.55555555555566
-434.55555555555566
-369.888888888889
-380.888888888889
-391.888888888889
-402.888888888889
-413.888888888889
-424.888888888889
-435.888888888889
-446.888888888889
-432.66666666666686
-443.66666666666686
-454.66666666666686
-465.66666666666686
-454.66666666666686
-465.66666666666686
-476.66666666666686
-487.66666666666686
-498.66666666666686
-509.66666666666686
-520.6666666666669
-531.6666666666669
-542.6666666666669
-553.6666666666669
-564.6666666666669
-553.6666666666669
-564.6666666666669
-575.6666666666669
-586.6666666666669
-539.6666666666669
-440.66666666666686
-451.66666666666686
-462.66666666666686
-473.66666666666686
-484.66666666666686
-466.66666666666686
-477.66666666666686
-488.66666666666686
-499.66666666666686
-510.66666666666686
-521.6666666666669
-532.6666666666669
-543.6666666666669
-554.6666666666669
-565.6666666666669
-576.6666666666669
-587.6666666666669
-488.66666666666686
-499.66666666666686
-510.66666666666686
-521.6666666666669
-532.6666666666669
-543.6666666666669
-554.6666666666669
-565.6666666666669
-576.6666666666669
-587.6666666666669
-598.6666666666669
-609.6666666666669
-598.6666666666669
-609.6666666666669
-620.6666666666669
-631.6666666666669
-642.6666666666669
-653.6666666666669
-664.6666666666669
-675.6666666666669
-686.6666666666669
-697.6666666666669
-708.6666666666669
-719.6666666666669
-730.6666666666669
-741.6666666666669
-752.6666666666669
-763.6666666666669
-774.6666666666669
-746.3333333333336
-757.3333333333336
-768.3333333333336
-779.3333333333336
-680.3333333333336
-691.3333333333336
-702.3333333333336
-713.3333333333336
-724.3333333333336
-735.3333333333336
-746.3333333333336
-757.3333333333336
-768.3333333333336
-779.3333333333336
-790.3333333333336
-801.3333333333336
-812.3333333333336
-823.3333333333336
-834.3333333333336
-845.3333333333336
-856.3333333333336
-867.3333333333336
-878.3333333333336
-889.3333333333336
-900.3333333333336
-911.3333333333336
-883.0000000000003
-894.0000000000003
-905.0000000000003
-916.0000000000003
-927.0000000000003
-898.6666666666671
-909.6666666666671
-920.6666666666671
-931.6666666666671
-942.6666666666671
-953.6666666666671
-964.6666666666671
-975.6666666666671
-986.6666666666671
-997.6666666666671
-1008.6666666666671
-1019.6666666666671
-1030.666666666667
-1041.666666666667
-1052.666666666667
-1063.666666666667
-1074.666666666667
-1085.666666666667
-1096.666666666667
-1107.666666666667
-1118.666666666667
-1129.666666666667
-1140.666666666667
-1151.666666666667
-1162.666666666667
-1140.0952380952385
-1151.0952380952385
-1162.0952380952385
-1139.52380952381
-1150.52380952381
-1161.52380952381
-1172.52380952381
-1183.52380952381
-1194.52380952381
-1205.52380952381
-1169.52380952381
-1180.52380952381
-1191.52380952381
-1173.52380952381
-1184.52380952381
-1195.52380952381
-1206.52380952381
-1217.52380952381
-1228.52380952381
-1239.52380952381
-1250.52380952381
-1261.52380952381
-1272.52380952381
-1244.1904761904766
-1255.1904761904766
-1266.1904761904766
-1277.1904761904766
-1288.1904761904766
-1299.1904761904766
-1310.1904761904766
-1321.1904761904766
-1332.1904761904766
-1343.1904761904766
-1244.1904761904766
-1255.1904761904766
-1266.1904761904766
-1277.1904761904766
-1288.1904761904766
-1299.1904761904766
-1310.1904761904766
-1321.1904761904766
-1332.1904761904766
-1343.1904761904766
-1354.1904761904766
-1365.1904761904766
-1376.1904761904766
-1387.1904761904766
-1369.1904761904766
-1380.1904761904766
-1391.1904761904766
-1402.1904761904766
-1413.1904761904766
-1424.1904761904766
-1435.1904761904766
-1446.1904761904766
-1457.1904761904766
-1468.1904761904766
-1479.1904761904766
-1490.1904761904766
-1501.1904761904766
-1512.1904761904766
-1523.1904761904766
-1534.1904761904766
-1545.1904761904766
-1556.1904761904766
-1567.1904761904766
-1578.1904761904766
-1589.1904761904766
-1600.1904761904766
-1611.1904761904766
-1622.1904761904766
-1633.1904761904766
-1644.1904761904766
-1655.1904761904766
-1666.1904761904766
-1677.1904761904766
-1654.6190476190482
-1665.6190476190482
-1676.6190476190482
-1687.6190476190482
-1698.6190476190482
-1709.6190476190482
-1720.6190476190482
-1731.6190476190482
-1742.6190476190482
-1724.6190476190482
-1735.6190476190482
-1746.6190476190482
-1757.6190476190482
-1768.6190476190482
-1779.6190476190482
-1790.6190476190482
-1801.6190476190482
-1812.6190476190482
-1823.6190476190482
-1787.6190476190482
-1798.6190476190482
-1809.6190476190482
-1820.6190476190482
-1831.6190476190482
-1842.6190476190482
-1853.6190476190482
-1864.6190476190482
-1875.6190476190482
-1886.6190476190482
-1897.6190476190482
-1908.6190476190482
-1919.6190476190482
-1930.6190476190482
-1941.6190476190482
-1952.6190476190482
-1963.6190476190482
-1974.6190476190482
-1985.6190476190482
-1920.9523809523816
-1931.9523809523816
-1942.9523809523816
-1953.9523809523816
-1964.9523809523816
-1975.9523809523816
-1986.9523809523816
-1997.9523809523816
-1898.9523809523816
-1909.9523809523816
-1810.9523809523816
-1821.9523809523816
-1832.9523809523816
-1843.9523809523816
-1854.9523809523816
-1865.9523809523816
-1876.9523809523816
-1829.9523809523816
-1840.9523809523816
-1851.9523809523816
-1862.9523809523816
-1873.9523809523816
-1884.9523809523816
-1895.9523809523816
-1906.9523809523816
-1917.9523809523816
-1899.9523809523816
-1910.9523809523816
-1921.9523809523816
-1932.9523809523816
-1943.9523809523816
-1954.9523809523816
-1965.9523809523816
-1976.9523809523816
-1962.7301587301595
-1973.7301587301595
-1984.7301587301595
-1995.7301587301595
-2006.7301587301595
-2017.7301587301595
-2028.7301587301595
-2039.7301587301595
-2050.7301587301595
-2061.7301587301595
-2072.7301587301595
-2083.7301587301595
-2094.7301587301595
-2105.7301587301595
-2116.7301587301595
-2127.7301587301595
-2138.7301587301595
-2149.7301587301595
-2160.7301587301595
-2171.7301587301595
-2182.7301587301595
-2193.7301587301595
-2204.7301587301595
-2215.7301587301595
-2226.7301587301595
-2237.7301587301595
-2248.7301587301595
-2259.7301587301595
-2270.7301587301595
-2281.7301587301595
-2292.7301587301595
-2303.7301587301595
-2314.7301587301595
-2325.7301587301595
-2336.7301587301595
-2347.7301587301595
-2358.7301587301595
-2311.7301587301595
-2322.7301587301595
-2333.7301587301595
-2344.7301587301595
-2355.7301587301595
-2366.7301587301595
-2330.7301587301595
-2341.7301587301595
-2352.7301587301595
-2363.7301587301595
-2374.7301587301595
-2385.7301587301595
-2396.7301587301595
-2407.7301587301595
-2418.7301587301595
-2429.7301587301595
-2440.7301587301595
-2451.7301587301595
-2462.7301587301595
-2473.7301587301595
-2484.7301587301595
-2495.7301587301595
-2477.7301587301595
-2488.7301587301595
-2477.7301587301595
-2488.7301587301595
-2499.7301587301595
-2510.7301587301595
-2521.7301587301595
-2532.7301587301595
-2543.7301587301595
-2554.7301587301595
-2455.7301587301595
-2466.7301587301595
-2402.0634920634925
-2413.0634920634925
-2424.0634920634925
-2435.0634920634925
-2446.0634920634925
-2457.0634920634925
-2468.0634920634925
-2479.0634920634925
-2468.0634920634925
-2479.0634920634925
-2490.0634920634925
-2501.0634920634925
-2512.0634920634925
-2523.0634920634925
-2534.0634920634925
-2545.0634920634925
-2509.0634920634925
-2520.0634920634925
-2531.0634920634925
-2542.0634920634925
-2553.0634920634925
-2564.0634920634925
-2465.0634920634925
-2476.0634920634925
-2487.0634920634925
-2498.0634920634925
-2509.0634920634925
-2520.0634920634925
-2531.0634920634925
-2542.0634920634925
-2553.0634920634925
-2564.0634920634925
-2575.0634920634925
-2586.0634920634925
-2597.0634920634925
-2608.0634920634925
-2561.0634920634925
-2572.0634920634925
-2583.0634920634925
-2594.0634920634925
-2605.0634920634925
-2616.0634920634925
-2627.0634920634925
-2638.0634920634925
-2649.0634920634925
-2660.0634920634925
-2671.0634920634925
-2682.0634920634925
-2693.0634920634925
-2704.0634920634925
-2715.0634920634925
-2726.0634920634925
-2737.0634920634925
-2748.0634920634925
-2759.0634920634925
-2770.0634920634925
-2781.0634920634925
-2792.0634920634925
-2803.0634920634925
-2814.0634920634925
-2825.0634920634925
-2836.0634920634925
-2847.0634920634925
-2858.0634920634925
-2869.0634920634925
-2880.0634920634925
-2891.0634920634925
-2902.0634920634925
-2913.0634920634925
-2924.0634920634925
-2935.0634920634925
-2946.0634920634925
-2881.3968253968255
-2892.3968253968255
-2903.3968253968255
-2914.3968253968255
-2900.174603174603
-2911.174603174603
-2922.174603174603
-2933.174603174603
-2944.174603174603
-2955.174603174603
-2966.174603174603
-2977.174603174603
-2988.174603174603
-2999.174603174603
-3010.174603174603
-3021.174603174603
-3010.174603174603
-2981.84126984127
-2992.84126984127
-3003.84126984127
-3014.84126984127
-3025.84126984127
-3036.84126984127
-3047.84126984127
-3058.84126984127
-3069.84126984127
-3080.84126984127
-3091.84126984127
-3102.84126984127
-3113.84126984127
-3124.84126984127
-3135.84126984127
-3146.84126984127
-3157.84126984127
-3168.84126984127
-3179.84126984127
-3190.84126984127
-3143.84126984127
-3154.84126984127
-3165.84126984127
-3176.84126984127
-3187.84126984127
-3198.84126984127
-3209.84126984127
-3220.84126984127
-3231.84126984127
-3167.174603174603
-3178.174603174603
-3189.174603174603
-3200.174603174603
-3211.174603174603
-3222.174603174603
-3207.9523809523803
-3218.9523809523803
-3190.6190476190473
-3201.6190476190473
-3212.6190476190473
-3223.6190476190473
-3234.6190476190473
-3245.6190476190473
-3256.6190476190473
-3267.6190476190473
-3278.6190476190473
-3289.6190476190473
-3300.6190476190473
-3311.6190476190473
-3322.6190476190473
-3333.6190476190473
-3234.6190476190473
-3245.6190476190473
-3256.6190476190473
-3238.6190476190473
-3249.6190476190473
-3260.6190476190473
-3271.6190476190473
-3282.6190476190473
-3293.6190476190473
-3228.9523809523803
-3239.9523809523803
-3250.9523809523803
-3214.9523809523803
-3225.9523809523803
-3236.9523809523803
-3247.9523809523803
-3258.9523809523803
-3269.9523809523803
-3280.9523809523803
-3291.9523809523803
-3302.9523809523803
-3255.9523809523803
-3266.9523809523803
-3277.9523809523803
-3288.9523809523803
-3299.9523809523803
-3277.380952380952
-3288.380952380952
-3299.380952380952
-3281.380952380952
-3292.380952380952
-3303.380952380952
-3314.380952380952
-3325.380952380952
-3336.380952380952
-3347.380952380952
-3358.380952380952
-3369.380952380952
-3380.380952380952
-3391.380952380952
-3373.380952380952
-3384.380952380952
-3395.380952380952
-3406.380952380952
-3417.380952380952
-3428.380952380952
-3417.380952380952
-3428.380952380952
-3414.158730158729
-3425.158730158729
-3410.9365079365066
-3421.9365079365066
-3432.9365079365066
-3443.9365079365066
-3454.9365079365066
-3465.9365079365066
-3476.9365079365066
-3487.9365079365066
-3498.9365079365066
-3399.9365079365066
-3410.9365079365066
-3421.9365079365066
-3432.9365079365066
-3443.9365079365066
-3454.9365079365066
-3465.9365079365066
-3476.9365079365066
-3487.9365079365066
-3498.9365079365066
-3509.9365079365066
-3520.9365079365066
-3531.9365079365066
-3542.9365079365066
-3553.9365079365066
-3564.9365079365066
-3575.9365079365066
-3539.9365079365066
-3550.9365079365066
-3561.9365079365066
-3572.9365079365066
-3583.9365079365066
-3572.9365079365066
-3583.9365079365066
-3594.9365079365066
-3605.9365079365066
-3616.9365079365066
-3627.9365079365066
-3638.9365079365066
-3649.9365079365066
-3660.9365079365066
-3671.9365079365066
-3682.9365079365066
-3693.9365079365066
-3704.9365079365066
-3715.9365079365066
-3726.9365079365066
-3737.9365079365066
-3748.9365079365066
-3759.9365079365066
-3770.9365079365066
-3781.9365079365066
-3792.9365079365066
-3803.9365079365066
-3814.9365079365066
-3825.9365079365066
-3836.9365079365066
-3822.714285714284
-3833.714285714284
-3844.714285714284
-3855.714285714284
-3866.714285714284
-3877.714285714284
-3849.380952380951
-3860.380952380951
-3871.380952380951
-3882.380952380951
-3893.380952380951
-3904.380952380951
-3890.1587301587283
-3901.1587301587283
-3912.1587301587283
-3923.1587301587283
-3934.1587301587283
-3945.1587301587283
-3956.1587301587283
-3967.1587301587283
-3978.1587301587283
-3989.1587301587283
-4000.1587301587283
-3935.4920634920613
-3946.4920634920613
-3910.4920634920613
