-11
-22
-33
-44
-55
-66
-77
-88
-99
-110
-121
-132
-121.0
-132.0
-143.0
-154.0
-165.0
-176.0
-187.0
-198.0
-209.0
-110.0
-121.0
-132.0
-109.42857142857142
-120.42857142857142
-131.42857142857142
-142.42857142857142
-153.42857142857142
-164.42857142857142
-175.42857142857142
-186.42857142857142
-197.42857142857142
-98.42857142857142
-109.42857142857142
-120.42857142857142
-131.42857142857142
-142.42857142857142
-153.42857142857142
-164.42857142857142
-175.42857142857142
-161.2063492063492
-96.5396825396825
-107.5396825396825
-118.5396825396825
-129.5396825396825
-140.5396825396825
-151.5396825396825
-140.5396825396825
-151.5396825396825
-162.5396825396825
-173.5396825396825
-184.5396825396825
-195.5396825396825
-206.5396825396825
-217.5396825396825
-228.5396825396825
-239.5396825396825
-250.5396825396825
-261.53968253968253
-272.53968253968253
-283.53968253968253
-255.2063492063492
-266.20634920634916
-219.20634920634916
-230.20634920634916
-241.20634920634916
-252.20634920634916
-263.20634920634916
-274.20634920634916
-238.20634920634916
-249.20634920634916
-260.20634920634916
-271.20634920634916
-282.20634920634916
-293.20634920634916
-304.20634920634916
-315.20634920634916
-326.20634920634916
-337.20634920634916
-348.20634920634916
-359.20634920634916
-370.20634920634916
-381.20634920634916
-366.984126984127
-377.984126984127
-388.984126984127
-399.984126984127
-410.984126984127
-421.984126984127
-432.984126984127
-443.984126984127
-454.984126984127
-465.984126984127
-476.984126984127
-487.984126984127
-498.984126984127
-509.984126984127
-520.984126984127
-531.984126984127
-542.984126984127
-553.984126984127
-564.984126984127
-575.984126984127
-586.984126984127
-597.984126984127
-586.984126984127
-597.984126984127
-608.984126984127
-619.984126984127
-630.984126984127
-641.984126984127
-652.984126984127
-663.984126984127
-674.984126984127
-685.984126984127
-696.984126984127
-707.984126984127
-718.984126984127
-729.984126984127
-701.6507936507937
-712.6507936507937
-723.6507936507937
-734.6507936507937
-745.6507936507937
-756.6507936507937
-767.6507936507937
-778.6507936507937
-742.6507936507937
-753.6507936507937
-764.6507936507937
-775.6507936507937
-786.6507936507937
-797.6507936507937
-808.6507936507937
-819.6507936507937
-830.6507936507937
-841.6507936507937
-852.6507936507937
-863.6507936507937
-874.6507936507937
-885.6507936507937
-896.6507936507937
-907.6507936507937
-918.6507936507937
-929.6507936507937
-940.6507936507937
-951.6507936507937
-962.6507936507937
-897.984126984127
-908.984126984127
-919.984126984127
-930.984126984127
-941.984126984127
-894.984126984127
-905.984126984127
-916.984126984127
-927.984126984127
-938.984126984127
-949.984126984127
-960.984126984127
-971.984126984127
-982.984126984127
-993.984126984127
-1004.984126984127
-1015.984126984127
-1026.984126984127
-1004.4126984126983
-1015.4126984126983
-1026.4126984126983
-1037.4126984126983
-1048.4126984126983
-1059.4126984126983
-1070.4126984126983
-1081.4126984126983
-1045.4126984126983
-1056.4126984126983
-1067.4126984126983
-1078.4126984126983
-1050.0793650793648
-1061.0793650793648
-1072.0793650793648
-1083.0793650793648
-1094.0793650793648
-1105.0793650793648
-1116.0793650793648
-1127.0793650793648
-1138.0793650793648
-1149.0793650793648
-1160.0793650793648
-1171.0793650793648
-1182.0793650793648
-1193.0793650793648
-1204.0793650793648
-1215.0793650793648
-1226.0793650793648
-1237.0793650793648
-1248.0793650793648
-1259.0793650793648
-1270.0793650793648
-1281.0793650793648
-1292.0793650793648
-1303.0793650793648
-1288.8571428571427
-1299.8571428571427
-1277.2857142857142
-1288.2857142857142
-1299.2857142857142
-1310.2857142857142
-1321.2857142857142
-1332.2857142857142
-1343.2857142857142
-1354.2857142857142
-1365.2857142857142
-1376.2857142857142
-1387.2857142857142
-1398.2857142857142
-1409.2857142857142
-1420.2857142857142
-1431.2857142857142
-1442.2857142857142
-1453.2857142857142
-1464.2857142857142
-1435.9523809523807
-1446.9523809523807
-1457.9523809523807
-1468.9523809523807
-1479.9523809523807
-1490.9523809523807
-1501.9523809523807
-1512.9523809523807
-1484.6190476190473
-1495.6190476190473
-1506.6190476190473
-1517.6190476190473
-1528.6190476190473
-1539.6190476190473
-1550.6190476190473
-1561.6190476190473
-1572.6190476190473
-1583.6190476190473
-1594.6190476190473
-1605.6190476190473
-1616.6190476190473
-1627.6190476190473
-1638.6190476190473
-1649.6190476190473
-1660.6190476190473
-1671.6190476190473
-1682.6190476190473
-1693.6190476190473
-1704.6190476190473
-1715.6190476190473
-1726.6190476190473
-1737.6190476190473
-1748.6190476190473
-1701.6190476190473
-1712.6190476190473
-1723.6190476190473
-1734.6190476190473
-1745.6190476190473
-1756.6190476190473
-1767.6190476190473
-1720.6190476190473
-1731.6190476190473
-1742.6190476190473
-1753.6190476190473
-1764.6190476190473
-1775.6190476190473
-1786.6190476190473
-1797.6190476190473
-1808.6190476190473
-1797.6190476190473
-1808.6190476190473
-1819.6190476190473
-1830.6190476190473
-1841.6190476190473
-1852.6190476190473
-1863.6190476190473
-1874.6190476190473
-1775.6190476190473
-1786.6190476190473
-1797.6190476190473
-1808.6190476190473
-1819.6190476190473
-1830.6190476190473
-1841.6190476190473
-1852.6190476190473
-1863.6190476190473
-1874.6190476190473
-1885.6190476190473
-1896.6190476190473
-1907.6190476190473
-1918.6190476190473
-1929.6190476190473
-1940.6190476190473
-1951.6190476190473
-1962.6190476190473
-1973.6190476190473
-1984.6190476190473
-1995.6190476190473
-2006.6190476190473
-2017.6190476190473
-2028.6190476190473
-2039.6190476190473
-2050.6190476190473
-2061.6190476190473
-2072.6190476190473
-2083.6190476190473
-2094.6190476190473
-2105.6190476190473
-2116.6190476190473
-2127.6190476190473
-2138.6190476190473
-2039.6190476190473
-2050.6190476190473
-2061.6190476190473
-2072.6190476190473
-2061.6190476190473
-2072.6190476190473
-2083.6190476190473
-2094.6190476190473
-2105.6190476190473
-2116.6190476190473
-2127.6190476190473
-2138.6190476190473
-2149.6190476190473
-2160.6190476190473
-2171.6190476190473
-2182.6190476190473
-2193.6190476190473
-2146.6190476190473
-2157.6190476190473
-2168.6190476190473
-2179.6190476190473
-2190.6190476190473
-2201.6190476190473
-2212.6190476190473
-2223.6190476190473
-2234.6190476190473
-2245.6190476190473
-2256.6190476190473
-2267.6190476190473
-2278.6190476190473
-2289.6190476190473
-2300.6190476190473
-2311.6190476190473
-2322.6190476190473
-2333.6190476190473
-2344.6190476190473
-2279.9523809523803
-2290.9523809523803
-2301.9523809523803
-2312.9523809523803
-2323.9523809523803
-2301.380952380952
-2312.380952380952
-2323.380952380952
-2334.380952380952
-2345.380952380952
-2356.380952380952
-2367.380952380952
-2378.380952380952
-2389.380952380952
-2400.380952380952
-2411.380952380952
-2422.380952380952
-2433.380952380952
-2444.380952380952
-2455.380952380952
-2419.380952380952
-2430.380952380952
-2441.380952380952
-2452.380952380952
-2463.380952380952
-2474.380952380952
-2485.380952380952
-2496.380952380952
-2507.380952380952
-2518.380952380952
-2529.380952380952
-2540.380952380952
-2551.380952380952
-2562.380952380952
-2573.380952380952
-2584.380952380952
-2595.380952380952
-2606.380952380952
-2617.380952380952
-2628.380952380952
-2639.380952380952
-2650.380952380952
-2661.380952380952
-2672.380952380952
-2683.380952380952
-2694.380952380952
-2705.380952380952
-2716.380952380952
-2727.380952380952
-2738.380952380952
-2749.380952380952
-2760.380952380952
-2771.380952380952
-2782.380952380952
-2793.380952380952
-2779.158730158729
-2790.158730158729
-2801.158730158729
-2812.158730158729
-2823.158730158729
-2834.158730158729
-2845.158730158729
-2856.158730158729
-2867.158730158729
-2878.158730158729
-2889.158730158729
-2900.158730158729
-2911.158730158729
-2922.158730158729
-2933.158730158729
-2944.158730158729
-2955.158730158729
-2966.158730158729
-2977.158730158729
-2988.158730158729
-2999.158730158729
-3010.158730158729
-3021.158730158729
-3032.158730158729
-3003.825396825396
-3014.825396825396
-3025.825396825396
-2961.158730158729
-2972.158730158729
-2983.158730158729
-2994.158730158729
-3005.158730158729
-3016.158730158729
-3027.158730158729
-3038.158730158729
-3049.158730158729
-3060.158730158729
-3071.158730158729
-3082.158730158729
-3093.158730158729
-3104.158730158729
-3093.158730158729
-3104.158730158729
-3115.158730158729
-3100.9365079365066
-3111.9365079365066
-3122.9365079365066
-3133.9365079365066
-3144.9365079365066
-3155.9365079365066
-3166.9365079365066
-3177.9365079365066
-3188.9365079365066
-3199.9365079365066
-3210.9365079365066
-3221.9365079365066
-3232.9365079365066
-3243.9365079365066
-3254.9365079365066
-3265.9365079365066
-3276.9365079365066
-3265.9365079365066
-3276.9365079365066
-3229.9365079365066
-3240.9365079365066
-3251.9365079365066
-3262.9365079365066
-3273.9365079365066
-3284.9365079365066
-3295.9365079365066
-3306.9365079365066
-3317.9365079365066
-3253.2698412698396
-3264.2698412698396
-3275.2698412698396
-3286.2698412698396
-3297.2698412698396
-3308.2698412698396
-3279.9365079365066
-3290.9365079365066
-3301.9365079365066
-3312.9365079365066
-3323.9365079365066
-3224.9365079365066
-3235.9365079365066
-3246.9365079365066
-3210.9365079365066
-3221.9365079365066
-3232.9365079365066
-3243.9365079365066
-3254.9365079365066
-3265.9365079365066
-3276.9365079365066
-3258.9365079365066
-3269.9365079365066
-3280.9365079365066
-3291.9365079365066
-3302.9365079365066
-3313.9365079365066
-3324.9365079365066
-3335.9365079365066
-3346.9365079365066
-3310.9365079365066
-3321.9365079365066
-3332.9365079365066
-3343.9365079365066
-3354.9365079365066
-3365.9365079365066
-3376.9365079365066
-3387.9365079365066
-3398.9365079365066
-3409.9365079365066
-3420.9365079365066
-3431.9365079365066
-3442.9365079365066
-3453.9365079365066
-3464.9365079365066
-3475.9365079365066
-3486.9365079365066
-3497.9365079365066
-3508.9365079365066
-3519.9365079365066
-3530.9365079365066
-3541.9365079365066
-3552.9365079365066
-3563.9365079365066
-3516.9365079365066
-3527.9365079365066
-3538.9365079365066
-3549.9365079365066
-3560.9365079365066
-3571.9365079365066
-3582.9365079365066
-3593.9365079365066
-3565.6031746031736
-3576.6031746031736
-3587.6031746031736
-3598.6031746031736
-3609.6031746031736
-3620.6031746031736
-3631.6031746031736
-3642.6031746031736
-3653.6031746031736
-3664.6031746031736
-3675.6031746031736
-3686.6031746031736
-3697.6031746031736
-3708.6031746031736
-3719.6031746031736
-3730.6031746031736
-3702.2698412698405
-3713.2698412698405
-3699.047619047618
-3710.047619047618
-3721.047619047618
-3732.047619047618
-3743.047619047618
-3754.047619047618
-3765.047619047618
-3776.047619047618
-3787.047619047618
-3798.047619047618
-3809.047619047618
-3820.047619047618
-3831.047619047618
-3842.047619047618
-3853.047619047618
-3864.047619047618
-3875.047619047618
-3886.047619047618
-3897.047619047618
-3908.047619047618
-3919.047619047618
-3930.047619047618
-3941.047619047618
-3952.047619047618
-3963.047619047618
-3974.047619047618
-3985.047619047618
-3996.047619047618
-4007.047619047618
-4018.047619047618
-4029.047619047618
-4040.047619047618
-4051.047619047618
-4062.047619047618
-4073.047619047618
-4084.047619047618
-4095.047619047618
-4106.047619047618
-4091.8253968253957
-4102.825396825396
-4113.825396825396
-4124.825396825396
-4135.825396825396
-4146.825396825396
-4157.825396825396
-4168.825396825396
-4179.825396825396
-4190.825396825396
-4201.825396825396
-4212.825396825396
-4223.825396825396
-4234.825396825396
-4245.825396825396
-4256.825396825396
-4157.825396825396
-4093.158730158729
-4104.15873015873
-4115.15873015873
-4126.15873015873
-4137.15873015873
-4148.15873015873
-4159.15873015873
-4170.15873015873
-4181.15873015873
-4192.15873015873
-4203.15873015873
-4214.15873015873
-4225.15873015873
-4236.15873015873
-4247.15873015873
-4258.15873015873
-4269.15873015873
-4280.15873015873
-4291.15873015873
-4302.15873015873
-4313.15873015873
-4324.15873015873
-4335.15873015873
-4346.15873015873
-4357.15873015873
-4368.15873015873
-4379.15873015873
-4390.15873015873
-4401.15873015873
-4412.15873015873
-4423.15873015873
-4434.15873015873
-4445.15873015873
-4456.15873015873
-4467.15873015873
-4478.15873015873
-4489.15873015873
-4453.15873015873
-4464.15873015873
-4475.15873015873
-4486.15873015873
-4497.15873015873
-4508.15873015873
-4519.15873015873
-4530.15873015873
-4541.15873015873
-4552.15873015873
-4563.15873015873
-4574.15873015873
-4585.15873015873
-4596.15873015873
-4607.15873015873
-4618.15873015873
-4629.15873015873
-4640.15873015873
-4651.15873015873
-4662.15873015873
-4673.15873015873
-4608.492063492064
-4619.492063492064
-4630.492063492064
-4641.492063492064
-4652.492063492064
-4587.825396825398
-4598.825396825398
-4609.825396825398
-4620.825396825398
-4606.603174603175
-4617.603174603175
-4628.603174603175
-4617.603174603175
-4628.603174603175
-4639.603174603175
-4603.603174603175
-4614.603174603175
-4600.380952380952
