-11
-22
-33
-4.666666666666664
-15.666666666666664
-26.666666666666664
-37.666666666666664
-1.6666666666666643
-12.666666666666664
-23.666666666666664
-34.666666666666664
-45.666666666666664
1.3333333333333357
-9.666666666666664
-20.666666666666664
-31.666666666666664
-42.666666666666664
-53.666666666666664
-64.66666666666666
-75.66666666666666
-86.66666666666666
-97.66666666666666
-108.66666666666666
-119.66666666666666
-130.66666666666666
-141.66666666666666
-127.44444444444443
-138.44444444444443
-124.2222222222222
-135.2222222222222
-146.2222222222222
-157.2222222222222
-168.2222222222222
-179.2222222222222
-190.2222222222222
-201.2222222222222
-212.2222222222222
-223.2222222222222
-194.88888888888889
-205.88888888888889
-216.88888888888889
-227.88888888888889
-238.88888888888889
-249.88888888888889
-260.8888888888889
-271.8888888888889
-282.8888888888889
-293.8888888888889
-279.66666666666674
-290.66666666666674
-301.66666666666674
-273.33333333333337
-284.33333333333337
-295.33333333333337
-306.33333333333337
-270.33333333333337
-281.33333333333337
-292.33333333333337
-303.33333333333337
-314.33333333333337
-325.33333333333337
-336.33333333333337
-347.33333333333337
-358.33333333333337
-369.33333333333337
-380.33333333333337
-391.33333333333337
-402.33333333333337
-413.33333333333337
-424.33333333333337
-396.0
-407.0
-418.0
-429.0
-330.0
-341.0
-352.0
-363.0
-374.0
-385.0
-396.0
-407.0
-418.0
-429.0
-440.0
-451.0
-462.0
-473.0
-484.0
-495.0
-506.0
-517.0
-528.0
-539.0
-550.0
-561.0
-572.0
-583.0
-594.0
-605.0
-616.0
-627.0
-638.0
-649.0
-660.0
-671.0
-682.0
-693.0
-704.0
-715.0
-726.0
-737.0
-748.0
-759.0
-660.0
-671.0
-682.0
-693.0
-704.0
-715.0
-726.0
-737.0
-748.0
-759.0
-770.0
-781.0
-792.0
-803.0
-814.0
-825.0
-836.0
-847.0
-858.0
-869.0
-880.0
-891.0
-902.0
-913.0
-924.0
-935.0
-946.0
-957.0
-892.3333333333333
-845.3333333333333
-856.3333333333333
-867.3333333333333
-839.0
-792.0
-803.0
-814.0
-825.0
-836.0
-847.0
-858.0
-869.0
-880.0
-891.0
-902.0
-913.0
-924.0
-935.0
-946.0
-957.0
-968.0
-979.0
-990.0
-1001.0
-1012.0
-1023.0
-1008.7777777777778
-1019.7777777777778
-1030.7777777777778
-966.1111111111111
-977.1111111111111
-988.1111111111111
-973.8888888888889
-984.8888888888889
-995.8888888888889
-1006.8888888888889
-1017.8888888888889
-1028.888888888889
-1039.888888888889
-1050.888888888889
-1061.888888888889
-1072.888888888889
-1083.888888888889
-1094.888888888889
-1105.888888888889
-1116.888888888889
-1127.888888888889
-1138.888888888889
-1149.888888888889
-1160.888888888889
-1171.888888888889
-1182.888888888889
-1193.888888888889
-1204.888888888889
-1215.888888888889
-1226.888888888889
-1237.888888888889
-1248.888888888889
-1259.888888888889
-1270.888888888889
-1281.888888888889
-1292.888888888889
-1256.888888888889
-1267.888888888889
-1278.888888888889
-1289.888888888889
-1300.888888888889
-1311.888888888889
-1322.888888888889
-1333.888888888889
-1344.888888888889
-1355.888888888889
-1366.888888888889
-1377.888888888889
-1388.888888888889
-1399.888888888889
-1381.888888888889
-1317.2222222222224
-1328.2222222222224
-1339.2222222222224
-1350.2222222222224
-1361.2222222222224
-1372.2222222222224
-1383.2222222222224
-1394.2222222222224
-1405.2222222222224
-1416.2222222222224
-1427.2222222222224
-1438.2222222222224
-1402.2222222222224
-1366.2222222222224
-1377.2222222222224
-1278.2222222222224
-1289.2222222222224
-1300.2222222222224
-1311.2222222222224
-1322.2222222222224
-1333.2222222222224
-1344.2222222222224
-1355.2222222222224
-1366.2222222222224
-1377.2222222222224
-1388.2222222222224
-1399.2222222222224
-1410.2222222222224
-1421.2222222222224
-1432.2222222222224
-1443.2222222222224
-1454.2222222222224
-1465.2222222222224
-1476.2222222222224
-1487.2222222222224
-1498.2222222222224
-1509.2222222222224
-1520.2222222222224
-1531.2222222222224
-1542.2222222222224
-1553.2222222222224
-1564.2222222222224
-1575.2222222222224
-1564.2222222222224
-1575.2222222222224
-1586.2222222222224
-1597.2222222222224
-1608.2222222222224
-1619.2222222222224
-1630.2222222222224
-1641.2222222222224
-1652.2222222222224
-1663.2222222222224
-1674.2222222222224
-1685.2222222222224
-1696.2222222222224
-1707.2222222222224
-1718.2222222222224
-1729.2222222222224
-1740.2222222222224
-1751.2222222222224
-1762.2222222222224
-1773.2222222222224
-1784.2222222222224
-1795.2222222222224
-1696.2222222222224
-1707.2222222222224
-1718.2222222222224
-1729.2222222222224
-1740.2222222222224
-1751.2222222222224
-1762.2222222222224
-1773.2222222222224
-1784.2222222222224
-1795.2222222222224
-1806.2222222222224
-1777.888888888889
-1788.888888888889
-1799.888888888889
-1810.888888888889
-1821.888888888889
-1832.888888888889
-1843.888888888889
-1854.888888888889
-1865.888888888889
-1801.2222222222224
-1812.2222222222224
-1823.2222222222224
-1834.2222222222224
-1845.2222222222224
-1856.2222222222224
-1867.2222222222224
-1878.2222222222224
-1889.2222222222224
-1900.2222222222224
-1911.2222222222224
-1922.2222222222224
-1933.2222222222224
-1944.2222222222224
-1955.2222222222224
-1908.2222222222224
-1919.2222222222224
-1930.2222222222224
-1941.2222222222224
-1952.2222222222224
-1963.2222222222224
-1974.2222222222224
-1985.2222222222224
-1996.2222222222224
-2007.2222222222224
-2018.2222222222224
-2029.2222222222224
-2040.2222222222224
-2051.2222222222226
-2062.2222222222226
-2073.2222222222226
-2084.2222222222226
-2095.2222222222226
-2106.2222222222226
-2117.2222222222226
-2094.650793650794
-2105.650793650794
-2116.650793650794
-2127.650793650794
-2138.650793650794
-2149.650793650794
-2160.650793650794
-2171.650793650794
-2182.650793650794
-2193.650793650794
-2204.650793650794
-2215.650793650794
-2116.650793650794
-2127.650793650794
-2091.650793650794
-2102.650793650794
-2113.650793650794
-2124.650793650794
-2135.650793650794
-2146.650793650794
-2157.650793650794
-2168.650793650794
-2179.650793650794
-2190.650793650794
-2201.650793650794
-2212.650793650794
-2194.650793650794
-2205.650793650794
-2216.650793650794
-2227.650793650794
-2238.650793650794
-2249.650793650794
-2184.984126984127
-2195.984126984127
-2206.984126984127
-2217.984126984127
-2228.984126984127
-2239.984126984127
-2250.984126984127
-2261.984126984127
-2272.984126984127
-2283.984126984127
-2294.984126984127
-2305.984126984127
-2316.984126984127
-2327.984126984127
-2338.984126984127
-2349.984126984127
-2360.984126984127
-2371.984126984127
-2382.984126984127
-2393.984126984127
-2404.984126984127
-2415.984126984127
-2426.984126984127
-2437.984126984127
-2448.984126984127
-2459.984126984127
-2470.984126984127
-2481.984126984127
-2492.984126984127
-2503.984126984127
-2514.984126984127
-2525.984126984127
-2536.984126984127
-2547.984126984127
-2558.984126984127
-2569.984126984127
-2580.984126984127
-2591.984126984127
-2602.984126984127
-2613.984126984127
-2624.984126984127
-2577.984126984127
-2588.984126984127
-2599.984126984127
-2610.984126984127
-2621.984126984127
-2632.984126984127
-2643.984126984127
-2621.412698412699
-2632.412698412699
-2643.412698412699
-2654.412698412699
-2665.412698412699
-2676.412698412699
-2687.412698412699
-2698.412698412699
-2709.412698412699
-2720.412698412699
-2731.412698412699
-2742.412698412699
-2753.412698412699
-2764.412698412699
-2775.412698412699
-2786.412698412699
-2797.412698412699
-2808.412698412699
-2819.412698412699
-2830.412698412699
-2841.412698412699
-2823.412698412699
-2805.412698412699
-2816.412698412699
-2805.412698412699
-2816.412698412699
-2827.412698412699
-2838.412698412699
-2849.412698412699
-2821.0793650793657
-2832.0793650793657
-2843.0793650793657
-2854.0793650793657
-2865.0793650793657
-2876.0793650793657
-2840.0793650793657
-2851.0793650793657
-2862.0793650793657
-2873.0793650793657
-2884.0793650793657
-2895.0793650793657
-2906.0793650793657
-2917.0793650793657
-2902.857142857143
-2913.857142857143
-2924.857142857143
-2935.857142857143
-2946.857142857143
-2957.857142857143
-2968.857142857143
-2979.857142857143
-2990.857142857143
-3001.857142857143
-3012.857142857143
-3023.857142857143
-3034.857142857143
-3045.857142857143
-3056.857142857143
-3067.857142857143
-3078.857142857143
-3089.857142857143
-3100.857142857143
-3111.857142857143
-3122.857142857143
-3133.857142857143
-3144.857142857143
-3155.857142857143
-3166.857142857143
-3177.857142857143
-3188.857142857143
-3199.857142857143
-3210.857142857143
-3221.857142857143
-3232.857142857143
-3243.857142857143
-3254.857142857143
-3265.857142857143
-3276.857142857143
-3287.857142857143
-3265.2857142857147
-3276.2857142857147
-3287.2857142857147
-3298.2857142857147
-3309.2857142857147
-3280.9523809523816
-3291.9523809523816
-3302.9523809523816
-3313.9523809523816
-3324.9523809523816
-3335.9523809523816
-3346.9523809523816
-3247.9523809523816
-3236.9523809523816
-3247.9523809523816
-3258.9523809523816
-3269.9523809523816
-3280.9523809523816
-3291.9523809523816
-3302.9523809523816
-3313.9523809523816
-3324.9523809523816
-3260.2857142857147
-3271.2857142857147
-3282.2857142857147
-3293.2857142857147
-3304.2857142857147
-3315.2857142857147
-3326.2857142857147
-3337.2857142857147
-3348.2857142857147
-3359.2857142857147
-3370.2857142857147
-3381.2857142857147
-3392.2857142857147
-3403.2857142857147
-3414.2857142857147
-3425.2857142857147
-3436.2857142857147
-3447.2857142857147
-3458.2857142857147
-3422.2857142857147
-3433.2857142857147
-3368.6190476190477
-3379.6190476190477
-3390.6190476190477
-3401.6190476190477
-3412.6190476190477
-3423.6190476190477
-3434.6190476190477
-3445.6190476190477
-3456.6190476190477
-3467.6190476190477
-3478.6190476190477
-3489.6190476190477
-3500.6190476190477
-3511.6190476190477
-3493.6190476190477
-3428.9523809523807
-3439.9523809523807
-3450.9523809523807
-3461.9523809523807
-3397.2857142857138
-3408.2857142857138
-3419.2857142857138
-3430.2857142857138
-3441.2857142857138
-3418.7142857142853
-3429.7142857142853
-3407.142857142857
-3418.142857142857
-3429.142857142857
-3440.142857142857
-3451.142857142857
-3462.142857142857
-3473.142857142857
-3484.142857142857
-3495.142857142857
-3506.142857142857
-3517.142857142857
-3528.142857142857
-3539.142857142857
-3550.142857142857
-3561.142857142857
-3572.142857142857
-3583.142857142857
-3594.142857142857
-3605.142857142857
-3616.142857142857
-3627.142857142857
-3638.142857142857
-3649.142857142857
-3660.142857142857
-3671.142857142857
-3682.142857142857
-3693.142857142857
-3704.142857142857
-3715.142857142857
-3726.142857142857
-3737.142857142857
-3748.142857142857
-3759.142857142857
-3770.142857142857
-3781.142857142857
-3792.142857142857
-3769.5714285714284
-3780.5714285714284
-3762.5714285714284
-3773.5714285714284
-3784.5714285714284
-3795.5714285714284
-3806.5714285714284
-3817.5714285714284
-3828.5714285714284
-3839.5714285714284
-3792.5714285714284
-3803.5714285714284
-3814.5714285714284
-3825.5714285714284
-3836.5714285714284
-3847.5714285714284
-3858.5714285714284
-3869.5714285714284
-3880.5714285714284
-3891.5714285714284
-3902.5714285714284
-3913.5714285714284
-3924.5714285714284
-3935.5714285714284
-3946.5714285714284
-3957.5714285714284
-3968.5714285714284
-3979.5714285714284
-3990.5714285714284
-4001.5714285714284
-4012.5714285714284
-4023.5714285714284
-4034.5714285714284
-4045.5714285714284
-4056.5714285714284
-4067.5714285714284
-4078.5714285714284
-4089.5714285714284
-4100.571428571428
-4111.571428571428
-4122.571428571428
-4133.571428571428
-4144.571428571428
-4155.571428571428
-4166.571428571428
-4177.571428571428
-4159.571428571428
-4170.571428571428
-4181.571428571428
-4192.571428571428
-4169.999999999999
-4180.999999999999
-4191.999999999999
-4202.999999999999
-4213.999999999999
-4166.999999999999
-4177.999999999999
-4188.999999999999
-4199.999999999999
-4188.999999999999
-4199.999999999999
-4210.999999999999
-4199.999999999999
-4210.999999999999
-4221.999999999999
-4232.999999999999
-4243.999999999999
-4254.999999999999
-4265.999999999999
-4276.999999999999
-4287.999999999999
-4298.999999999999
-4309.999999999999
-4320.999999999999
-4331.999999999999
-4342.999999999999
-4314.666666666665
-4325.666666666665
-4336.666666666665
-4347.666666666665
-4358.666666666665
-4322.666666666665
-4333.666666666665
-4344.666666666665
-4355.666666666665
-4366.666666666665
-4377.666666666665
