47.0
146.0
245.0
344.0
333.0
322.0
311.0
300.0
289.0
278.0
267.0
256.0
274.0
263.0
252.0
241.0
230.0
219.0
208.0
197.0
186.0
175.0
164.0
153.0
142.0
178.0
192.22222222222223
181.22222222222223
170.22222222222223
159.22222222222223
148.22222222222223
137.22222222222223
165.55555555555554
154.55555555555554
143.55555555555554
132.55555555555554
121.55555555555554
110.55555555555554
99.55555555555554
198.55555555555554
187.55555555555554
176.55555555555554
165.55555555555554
264.55555555555554
253.55555555555554
242.55555555555554
231.55555555555554
220.55555555555554
319.55555555555554
308.55555555555554
297.55555555555554
286.55555555555554
275.55555555555554
322.55555555555554
421.55555555555554
410.55555555555554
399.55555555555554
388.55555555555554
377.55555555555554
366.55555555555554
355.55555555555554
344.55555555555554
443.55555555555554
432.55555555555554
421.55555555555554
410.55555555555554
399.55555555555554
388.55555555555554
377.55555555555554
366.55555555555554
355.55555555555554
344.55555555555554
333.55555555555554
322.55555555555554
311.55555555555554
358.55555555555554
457.55555555555554
446.55555555555554
435.55555555555554
424.55555555555554
413.55555555555554
402.55555555555554
391.55555555555554
380.55555555555554
369.55555555555554
358.55555555555554
423.2222222222222
487.8888888888888
476.8888888888888
465.8888888888888
454.8888888888888
519.5555555555554
508.55555555555543
531.1269841269841
520.1269841269841
509.1269841269841
498.1269841269841
487.1269841269841
476.1269841269841
465.1269841269841
454.1269841269841
443.1269841269841
542.1269841269841
531.1269841269841
520.1269841269841
509.1269841269841
498.1269841269841
487.1269841269841
476.1269841269841
465.1269841269841
454.1269841269841
443.1269841269841
432.1269841269841
421.1269841269841
410.1269841269841
399.1269841269841
388.1269841269841
377.1269841269841
441.7936507936507
430.7936507936507
419.7936507936507
408.7936507936507
397.7936507936507
386.7936507936507
375.7936507936507
474.7936507936507
463.7936507936507
452.7936507936507
441.7936507936507
430.7936507936507
419.7936507936507
408.7936507936507
397.7936507936507
386.7936507936507
375.7936507936507
364.7936507936507
387.3650793650793
376.3650793650793
365.3650793650793
354.3650793650793
343.3650793650793
332.3650793650793
321.3650793650793
310.3650793650793
299.3650793650793
335.3650793650793
324.3650793650793
313.3650793650793
302.3650793650793
291.3650793650793
280.3650793650793
269.3650793650793
258.3650793650793
247.36507936507928
236.36507936507928
225.36507936507928
324.3650793650793
313.3650793650793
302.3650793650793
291.3650793650793
280.3650793650793
269.3650793650793
368.3650793650793
357.3650793650793
346.3650793650793
335.3650793650793
434.3650793650793
423.3650793650793
470.3650793650793
459.3650793650793
448.3650793650793
437.3650793650793
502.0317460317459
491.0317460317459
509.0317460317459
498.0317460317459
545.0317460317459
534.0317460317459
523.0317460317459
512.0317460317459
540.3650793650792
529.3650793650792
518.3650793650792
540.9365079365078
529.9365079365078
518.9365079365078
507.93650793650784
496.93650793650784
485.93650793650784
474.93650793650784
521.9365079365078
544.5079365079365
533.5079365079365
632.5079365079365
621.5079365079365
639.5079365079365
628.5079365079365
617.5079365079365
606.5079365079365
595.5079365079365
584.5079365079365
573.5079365079365
562.5079365079365
551.5079365079365
540.5079365079365
639.5079365079365
628.5079365079365
675.5079365079365
664.5079365079365
653.5079365079365
642.5079365079365
631.5079365079365
620.5079365079365
638.5079365079365
627.5079365079365
616.5079365079365
605.5079365079365
619.7301587301587
718.7301587301587
707.7301587301587
718.7301587301587
817.7301587301587
916.7301587301587
905.7301587301587
894.7301587301587
883.7301587301587
872.7301587301587
861.7301587301587
850.7301587301587
839.7301587301587
828.7301587301587
817.7301587301587
806.7301587301587
795.7301587301587
784.7301587301587
773.7301587301587
762.7301587301587
751.7301587301587
740.7301587301587
729.7301587301587
718.7301587301587
707.7301587301587
696.7301587301587
685.7301587301587
674.7301587301587
739.3968253968254
728.3968253968254
717.3968253968254
764.3968253968254
753.3968253968254
742.3968253968254
731.3968253968254
720.3968253968254
709.3968253968254
698.3968253968254
687.3968253968254
676.3968253968254
665.3968253968254
654.3968253968254
672.3968253968254
661.3968253968254
650.3968253968254
668.3968253968254
715.3968253968254
704.3968253968254
693.3968253968254
682.3968253968254
671.3968253968254
660.3968253968254
707.3968253968254
696.3968253968254
685.3968253968254
674.3968253968254
739.0634920634922
775.0634920634922
789.2857142857143
825.2857142857143
853.6190476190476
842.6190476190476
831.6190476190476
820.6190476190476
809.6190476190476
798.6190476190476
787.6190476190476
776.6190476190476
765.6190476190476
754.6190476190476
853.6190476190476
842.6190476190476
831.6190476190476
930.6190476190476
919.6190476190476
908.6190476190476
897.6190476190476
886.6190476190476
875.6190476190476
864.6190476190476
882.6190476190476
929.6190476190476
976.6190476190476
965.6190476190476
954.6190476190476
943.6190476190476
932.6190476190476
1031.6190476190477
1020.6190476190477
1009.6190476190477
998.6190476190477
987.6190476190477
976.6190476190477
965.6190476190477
954.6190476190477
943.6190476190477
932.6190476190477
921.6190476190477
910.6190476190477
899.6190476190477
888.6190476190477
877.6190476190477
866.6190476190477
855.6190476190477
844.6190476190477
833.6190476190477
822.6190476190477
869.6190476190477
858.6190476190477
847.6190476190477
836.6190476190477
825.6190476190477
814.6190476190477
825.6190476190477
814.6190476190477
861.6190476190477
850.6190476190477
839.6190476190477
828.6190476190477
817.6190476190477
806.6190476190477
795.6190476190477
784.6190476190477
773.6190476190477
762.6190476190477
751.6190476190477
740.6190476190477
839.6190476190477
828.6190476190477
817.6190476190477
806.6190476190477
871.2857142857144
860.2857142857144
849.2857142857144
838.2857142857144
827.2857142857144
816.2857142857144
805.2857142857144
904.2857142857144
893.2857142857144
882.2857142857144
896.5079365079366
885.5079365079366
874.5079365079366
921.5079365079366
986.1746031746034
997.1746031746034
986.1746031746034
975.1746031746034
964.1746031746034
953.1746031746034
942.1746031746034
931.1746031746034
1030.1746031746034
1019.1746031746034
1008.1746031746034
1036.5079365079366
1025.5079365079366
1014.5079365079366
1003.5079365079366
1050.5079365079366
1039.5079365079366
1028.5079365079366
1017.5079365079366
1006.5079365079366
995.5079365079366
984.5079365079366
973.5079365079366
962.5079365079366
951.5079365079366
940.5079365079366
929.5079365079366
994.1746031746034
983.1746031746034
972.1746031746034
1000.5079365079366
1028.8412698412699
1017.8412698412699
1006.8412698412699
995.8412698412699
984.8412698412699
973.8412698412699
1072.8412698412699
1061.8412698412699
1050.8412698412699
1039.8412698412699
1028.8412698412699
1017.8412698412699
1006.8412698412699
995.8412698412699
984.8412698412699
1031.8412698412699
1130.8412698412699
1119.8412698412699
1108.8412698412699
1097.8412698412699
1086.8412698412699
1133.8412698412699
1122.8412698412699
1111.8412698412699
1100.8412698412699
1165.5079365079364
1154.5079365079364
1143.5079365079364
1132.5079365079364
1231.5079365079364
1296.174603174603
1395.174603174603
1384.174603174603
1373.174603174603
1362.174603174603
1351.174603174603
1450.174603174603
1439.174603174603
1538.174603174603
1527.174603174603
1626.174603174603
1615.174603174603
1604.174603174603
1593.174603174603
1657.8412698412694
1646.8412698412694
1635.8412698412694
1624.8412698412694
1613.8412698412694
1602.8412698412694
1591.8412698412694
1580.8412698412694
1569.8412698412694
1558.8412698412694
1547.8412698412694
1536.8412698412694
1583.8412698412694
1572.8412698412694
1561.8412698412694
1550.8412698412694
1539.8412698412694
1528.8412698412694
1517.8412698412694
1506.8412698412694
1495.8412698412694
1484.8412698412694
1473.8412698412694
1462.8412698412694
1451.8412698412694
1487.8412698412694
1476.8412698412694
1465.8412698412694
1480.0634920634916
1469.0634920634916
1458.0634920634916
1447.0634920634916
1436.0634920634916
1425.0634920634916
1472.0634920634916
1461.0634920634916
1450.0634920634916
1439.0634920634916
1428.0634920634916
1417.0634920634916
1406.0634920634916
1395.0634920634916
1384.0634920634916
1395.0634920634916
1384.0634920634916
1373.0634920634916
1362.0634920634916
1351.0634920634916
1340.0634920634916
1329.0634920634916
1318.0634920634916
1307.0634920634916
1296.0634920634916
1343.0634920634916
1371.396825396825
1399.7301587301586
1388.7301587301586
1377.7301587301586
1366.7301587301586
1355.7301587301586
1344.7301587301586
1333.7301587301586
1432.7301587301586
1421.7301587301586
1468.7301587301586
1457.7301587301586
1522.396825396825
1621.396825396825
1610.396825396825
1599.396825396825
1588.396825396825
1577.396825396825
1566.396825396825
1555.396825396825
1544.396825396825
1533.396825396825
1555.9682539682535
1544.9682539682535
1533.9682539682535
1562.301587301587
1551.301587301587
1540.301587301587
1529.301587301587
1518.301587301587
1507.301587301587
1496.301587301587
1485.301587301587
1474.301587301587
1463.301587301587
1452.301587301587
1441.301587301587
1430.301587301587
1419.301587301587
1518.301587301587
1507.301587301587
1496.301587301587
1485.301587301587
1474.301587301587
1463.301587301587
1452.301587301587
1441.301587301587
1430.301587301587
1419.301587301587
1433.5238095238092
1444.5238095238092
1433.5238095238092
1422.5238095238092
1411.5238095238092
1510.5238095238092
1499.5238095238092
1488.5238095238092
1553.1904761904757
1542.1904761904757
1531.1904761904757
1595.8571428571422
1584.8571428571422
1573.8571428571422
1591.8571428571422
1656.5238095238087
1645.5238095238087
1634.5238095238087
1681.5238095238087
1670.5238095238087
1659.5238095238087
1648.5238095238087
1713.1904761904752
1702.1904761904752
1691.1904761904752
1680.1904761904752
1779.1904761904752
1843.8571428571418
1832.8571428571418
1821.8571428571418
1810.8571428571418
1846.8571428571418
1835.8571428571418
1871.8571428571418
1860.8571428571418
1849.8571428571418
1838.8571428571418
1885.8571428571418
1874.8571428571418
1897.4285714285702
1886.4285714285702
1897.4285714285702
1933.4285714285702
1922.4285714285702
1911.4285714285702
1900.4285714285702
1889.4285714285702
1988.4285714285702
1977.4285714285702
1966.4285714285702
1955.4285714285702
1944.4285714285702
1955.4285714285702
1944.4285714285702
1933.4285714285702
1998.0952380952367
2097.0952380952367
2086.0952380952367
2075.0952380952367
2064.0952380952367
2053.0952380952367
2042.0952380952367
2031.0952380952367
2020.0952380952367
2009.0952380952367
1998.0952380952367
2097.0952380952367
2086.0952380952367
2150.7619047619037
2139.7619047619037
2128.7619047619037
2117.7619047619037
2106.7619047619037
2095.7619047619037
2131.7619047619037
2145.9841269841263
2134.9841269841263
2163.3174603174593
2152.3174603174593
2170.3174603174593
2159.3174603174593
2148.3174603174593
2137.3174603174593
2126.3174603174593
2115.3174603174593
2214.3174603174593
2203.3174603174593
2192.3174603174593
2256.9841269841263
2245.9841269841263
2234.9841269841263
2223.9841269841263
2212.9841269841263
2201.9841269841263
2266.6507936507933
2365.6507936507933
2464.6507936507933
2453.6507936507933
2442.6507936507933
2431.6507936507933
2420.6507936507933
2519.6507936507933
2508.6507936507933
2522.873015873016
2511.873015873016
2500.873015873016
2489.873015873016
2525.873015873016
2624.873015873016
2613.873015873016
2602.873015873016
2591.873015873016
2580.873015873016
2569.873015873016
2558.873015873016
2576.873015873016
2565.873015873016
2554.873015873016
2569.0952380952385
2558.0952380952385
2547.0952380952385
2536.0952380952385
2525.0952380952385
2514.0952380952385
2532.0952380952385
2521.0952380952385
2510.0952380952385
2499.0952380952385
2488.0952380952385
2587.0952380952385
2576.0952380952385
2565.0952380952385
2554.0952380952385
2543.0952380952385
2532.0952380952385
2550.0952380952385
2614.7619047619055
2603.7619047619055
2592.7619047619055
2581.7619047619055
2570.7619047619055
2559.7619047619055
2548.7619047619055
2537.7619047619055
2526.7619047619055
2515.7619047619055
2504.7619047619055
2493.7619047619055
2482.7619047619055
2505.333333333334
2494.333333333334
2483.333333333334
2472.333333333334
2461.333333333334
2450.333333333334
2468.333333333334
2567.333333333334
2556.333333333334
2545.333333333334
2534.333333333334
2523.333333333334
2512.333333333334
2611.333333333334
2600.333333333334
2589.333333333334
2603.5555555555566
2592.5555555555566
2620.8888888888896
2631.8888888888896
2620.8888888888896
2609.8888888888896
2645.8888888888896
2674.2222222222226
2663.2222222222226
2652.2222222222226
2641.2222222222226
2630.2222222222226
2619.2222222222226
2655.2222222222226
2754.2222222222226
2743.2222222222226
2779.2222222222226
2768.2222222222226
2757.2222222222226
2746.2222222222226
2735.2222222222226
2782.2222222222226
2771.2222222222226
2835.8888888888896
2824.8888888888896
2813.8888888888896
2802.8888888888896
2791.8888888888896
2780.8888888888896
2769.8888888888896
2758.8888888888896
2747.8888888888896
2736.8888888888896
2725.8888888888896
2714.8888888888896
2703.8888888888896
2692.8888888888896
2681.8888888888896
2670.8888888888896
2659.8888888888896
2648.8888888888896
2637.8888888888896
2736.8888888888896
