-11
-22
-33
-44
-55
-66
-77
-88
-99
-110
-121
-132
-143
-154
-165
-176
-187
-198
-209
-220
-205.77777777777777
-216.77777777777777
-227.77777777777777
-128.77777777777777
-139.77777777777777
-150.77777777777777
-161.77777777777777
-172.77777777777777
-183.77777777777777
-194.77777777777777
-205.77777777777777
-216.77777777777777
-227.77777777777777
-205.20634920634922
-216.20634920634922
-227.20634920634922
-238.20634920634922
-249.20634920634922
-260.2063492063492
-271.2063492063492
-282.2063492063492
-293.2063492063492
-304.2063492063492
-315.2063492063492
-326.2063492063492
-337.2063492063492
-348.2063492063492
-359.2063492063492
-370.2063492063492
-381.2063492063492
-392.2063492063492
-403.2063492063492
-414.2063492063492
-425.2063492063492
-436.2063492063492
-425.2063492063492
-436.2063492063492
-447.2063492063492
-458.2063492063492
-469.2063492063492
-480.2063492063492
-491.2063492063492
-502.2063492063492
-513.2063492063492
-524.2063492063492
-535.2063492063492
-524.2063492063492
-535.2063492063492
-546.2063492063492
-557.2063492063492
-568.2063492063492
-579.2063492063492
-590.2063492063492
-601.2063492063492
-612.2063492063492
-623.2063492063492
-634.2063492063492
-645.2063492063492
-656.2063492063492
-667.2063492063492
-678.2063492063492
-579.2063492063492
-532.2063492063492
-543.2063492063492
-554.2063492063492
-565.2063492063492
-576.2063492063492
-587.2063492063492
-598.2063492063492
-609.2063492063492
-620.2063492063492
-631.2063492063492
-642.2063492063492
-653.2063492063492
-664.2063492063492
-599.5396825396824
-500.5396825396824
-511.5396825396824
-522.5396825396824
-533.5396825396824
-544.5396825396824
-445.5396825396824
-456.5396825396824
-467.5396825396824
-478.5396825396824
-489.5396825396824
-500.5396825396824
-511.5396825396824
-522.5396825396824
-533.5396825396824
-544.5396825396824
-555.5396825396824
-566.5396825396824
-577.5396825396824
-588.5396825396824
-599.5396825396824
-610.5396825396824
-621.5396825396824
-632.5396825396824
-643.5396825396824
-654.5396825396824
-665.5396825396824
-618.5396825396824
-629.5396825396824
-640.5396825396824
-651.5396825396824
-662.5396825396824
-673.5396825396824
-684.5396825396824
-695.5396825396824
-706.5396825396824
-717.5396825396824
-618.5396825396824
-629.5396825396824
-640.5396825396824
-651.5396825396824
-662.5396825396824
-644.5396825396824
-655.5396825396824
-666.5396825396824
-677.5396825396824
-688.5396825396824
-699.5396825396824
-710.5396825396824
-682.2063492063492
-667.984126984127
-678.984126984127
-689.984126984127
-700.984126984127
-711.984126984127
-722.984126984127
-733.984126984127
-744.984126984127
-755.984126984127
-766.984126984127
-777.984126984127
-755.4126984126983
-766.4126984126983
-777.4126984126983
-788.4126984126983
-799.4126984126983
-763.4126984126983
-774.4126984126983
-727.4126984126983
-738.4126984126983
-749.4126984126983
-760.4126984126983
-771.4126984126983
-782.4126984126983
-793.4126984126983
-804.4126984126983
-815.4126984126983
-826.4126984126983
-837.4126984126983
-848.4126984126983
-859.4126984126983
-870.4126984126983
-856.1904761904761
-867.1904761904761
-878.1904761904761
-813.5238095238094
-824.5238095238094
-835.5238095238094
-846.5238095238094
-857.5238095238094
-868.5238095238094
-879.5238095238094
-890.5238095238094
-901.5238095238094
-912.5238095238094
-901.5238095238094
-912.5238095238094
-923.5238095238094
-934.5238095238094
-945.5238095238094
-956.5238095238094
-967.5238095238094
-978.5238095238094
-989.5238095238094
-1000.5238095238094
-1011.5238095238094
-1022.5238095238094
-1033.5238095238094
-1044.5238095238094
-1055.5238095238094
-1066.5238095238094
-1077.5238095238094
-1088.5238095238094
-1099.5238095238094
-1110.5238095238094
-1121.5238095238094
-1132.5238095238094
-1143.5238095238094
-1154.5238095238094
-1165.5238095238094
-1176.5238095238094
-1187.5238095238094
-1198.5238095238094
-1209.5238095238094
-1220.5238095238094
-1231.5238095238094
-1242.5238095238094
-1177.857142857143
-1188.857142857143
-1199.857142857143
-1210.857142857143
-1221.857142857143
-1232.857142857143
-1243.857142857143
-1254.857142857143
-1240.6349206349207
-1251.6349206349207
-1262.6349206349207
-1273.6349206349207
-1284.6349206349207
-1295.6349206349207
-1306.6349206349207
-1317.6349206349207
-1328.6349206349207
-1339.6349206349207
-1350.6349206349207
-1361.6349206349207
-1347.4126984126985
-1358.4126984126985
-1369.4126984126985
-1380.4126984126985
-1391.4126984126985
-1402.4126984126985
-1413.4126984126985
-1424.4126984126985
-1435.4126984126985
-1446.4126984126985
-1457.4126984126985
-1468.4126984126985
-1479.4126984126985
-1490.4126984126985
-1501.4126984126985
-1512.4126984126985
-1523.4126984126985
-1534.4126984126985
-1545.4126984126985
-1556.4126984126985
-1567.4126984126985
-1578.4126984126985
-1589.4126984126985
-1600.4126984126985
-1611.4126984126985
-1622.4126984126985
-1633.4126984126985
-1644.4126984126985
-1655.4126984126985
-1666.4126984126985
-1619.4126984126985
-1630.4126984126985
-1641.4126984126985
-1652.4126984126985
-1663.4126984126985
-1674.4126984126985
-1685.4126984126985
-1696.4126984126985
-1707.4126984126985
-1718.4126984126985
-1729.4126984126985
-1740.4126984126985
-1751.4126984126985
-1762.4126984126985
-1773.4126984126985
-1784.4126984126985
-1795.4126984126985
-1806.4126984126985
-1817.4126984126985
-1828.4126984126985
-1839.4126984126985
-1850.4126984126985
-1861.4126984126985
-1872.4126984126985
-1883.4126984126985
-1894.4126984126985
-1905.4126984126985
-1916.4126984126985
-1927.4126984126985
-1938.4126984126985
-1920.4126984126985
-1931.4126984126985
-1942.4126984126985
-1953.4126984126985
-1964.4126984126985
-1975.4126984126985
-1986.4126984126985
-1997.4126984126985
-2008.4126984126985
-2019.4126984126985
-2030.4126984126985
-2041.4126984126985
-2013.079365079365
-2024.079365079365
-2035.079365079365
-2046.079365079365
-2057.079365079365
-2068.079365079365
-2079.079365079365
-2090.079365079365
-2101.079365079365
-2112.079365079365
-2123.079365079365
-2134.079365079365
-2098.079365079365
-2109.079365079365
-2120.079365079365
-2073.079365079365
-2084.079365079365
-2095.079365079365
-2106.079365079365
-2117.079365079365
-2128.079365079365
-2139.079365079365
-2092.079365079365
-2103.079365079365
-2114.079365079365
-2125.079365079365
-2136.079365079365
-2071.412698412698
-2082.412698412698
-2093.412698412698
-2104.412698412698
-2115.412698412698
-2126.412698412698
-2137.412698412698
-2148.412698412698
-2159.412698412698
-2170.412698412698
-2181.412698412698
-2192.412698412698
-2203.412698412698
-2214.412698412698
-2225.412698412698
-2236.412698412698
-2247.412698412698
-2258.412698412698
-2269.412698412698
-2251.412698412698
-2262.412698412698
-2273.412698412698
-2284.412698412698
-2295.412698412698
-2306.412698412698
-2317.412698412698
-2328.412698412698
-2300.079365079365
-2285.857142857142
-2296.857142857142
-2307.857142857142
-2318.857142857142
-2329.857142857142
-2340.857142857142
-2351.857142857142
-2362.857142857142
-2373.857142857142
-2384.857142857142
-2366.857142857142
-2377.857142857142
-2388.857142857142
-2399.857142857142
-2410.857142857142
-2421.857142857142
-2432.857142857142
-2443.857142857142
-2454.857142857142
-2465.857142857142
-2476.857142857142
-2487.857142857142
-2498.857142857142
-2509.857142857142
-2520.857142857142
-2531.857142857142
-2542.857142857142
-2553.857142857142
-2564.857142857142
-2575.857142857142
-2586.857142857142
-2550.857142857142
-2561.857142857142
-2572.857142857142
-2525.857142857142
-2536.857142857142
-2472.1904761904752
-2483.1904761904752
-2494.1904761904752
-2505.1904761904752
-2516.1904761904752
-2527.1904761904752
-2509.1904761904752
-2520.1904761904752
-2531.1904761904752
-2542.1904761904752
-2553.1904761904752
-2564.1904761904752
-2575.1904761904752
-2586.1904761904752
-2597.1904761904752
-2608.1904761904752
-2619.1904761904752
-2630.1904761904752
-2641.1904761904752
-2652.1904761904752
-2663.1904761904752
-2674.1904761904752
-2627.1904761904752
-2638.1904761904752
-2649.1904761904752
-2660.1904761904752
-2613.1904761904752
-2624.1904761904752
-2635.1904761904752
-2646.1904761904752
-2657.1904761904752
-2668.1904761904752
-2679.1904761904752
-2690.1904761904752
-2701.1904761904752
-2712.1904761904752
-2723.1904761904752
-2734.1904761904752
-2745.1904761904752
-2756.1904761904752
-2657.1904761904752
-2668.1904761904752
-2679.1904761904752
-2690.1904761904752
-2591.1904761904752
-2602.1904761904752
-2613.1904761904752
-2624.1904761904752
-2635.1904761904752
-2646.1904761904752
-2657.1904761904752
-2668.1904761904752
-2679.1904761904752
-2656.619047619047
-2667.619047619047
-2678.619047619047
-2631.619047619047
-2642.619047619047
-2653.619047619047
-2664.619047619047
-2675.619047619047
-2686.619047619047
-2697.619047619047
-2708.619047619047
-2719.619047619047
-2730.619047619047
-2741.619047619047
-2752.619047619047
-2738.396825396824
-2749.396825396824
-2738.396825396824
-2749.396825396824
-2760.396825396824
-2771.396825396824
-2782.396825396824
-2793.396825396824
-2804.396825396824
-2815.396825396824
-2826.396825396824
-2761.730158730157
-2772.730158730157
-2783.730158730157
-2794.730158730157
-2805.730158730157
-2816.730158730157
-2827.730158730157
-2838.730158730157
-2774.0634920634902
-2785.0634920634902
-2796.0634920634902
-2807.0634920634902
-2818.0634920634902
-2829.0634920634902
-2840.0634920634902
-2851.0634920634902
-2862.0634920634902
-2873.0634920634902
-2884.0634920634902
-2895.0634920634902
-2906.0634920634902
-2917.0634920634902
-2928.0634920634902
-2939.0634920634902
-2950.0634920634902
-2961.0634920634902
-2972.0634920634902
-2983.0634920634902
-2994.0634920634902
-3005.0634920634902
-3016.0634920634902
-3027.0634920634902
-3038.0634920634902
-3049.0634920634902
-3060.0634920634902
-3071.0634920634902
-3082.0634920634902
-3093.0634920634902
-3104.0634920634902
-3115.0634920634902
-3126.0634920634902
-3137.0634920634902
-3148.0634920634902
-3159.0634920634902
-3170.0634920634902
-3105.3968253968233
-3116.3968253968233
-3127.3968253968233
-3138.3968253968233
-3149.3968253968233
-3160.3968253968233
-3171.3968253968233
-3182.3968253968233
-3193.3968253968233
-3204.3968253968233
-3215.3968253968233
-3226.3968253968233
-3237.3968253968233
-3248.3968253968233
-3259.3968253968233
-3270.3968253968233
-3281.3968253968233
-3292.3968253968233
-3303.3968253968233
-3314.3968253968233
-3325.3968253968233
-3336.3968253968233
-3347.3968253968233
-3358.3968253968233
-3369.3968253968233
-3380.3968253968233
-3391.3968253968233
-3402.3968253968233
-3413.3968253968233
-3424.3968253968233
-3435.3968253968233
-3446.3968253968233
-3457.3968253968233
-3468.3968253968233
-3479.3968253968233
-3490.3968253968233
-3476.1746031746006
-3465.1746031746006
-3476.1746031746006
-3487.1746031746006
-3498.1746031746006
-3509.1746031746006
-3520.1746031746006
-3531.1746031746006
-3542.1746031746006
-3553.1746031746006
-3564.1746031746006
-3575.1746031746006
-3586.1746031746006
-3597.1746031746006
-3608.1746031746006
-3619.1746031746006
-3630.1746031746006
-3641.1746031746006
-3652.1746031746006
-3663.1746031746006
-3674.1746031746006
-3685.1746031746006
-3674.1746031746006
-3685.1746031746006
-3674.1746031746006
-3685.1746031746006
-3696.1746031746006
-3707.1746031746006
-3718.1746031746006
-3729.1746031746006
-3740.1746031746006
-3751.1746031746006
-3704.1746031746006
-3715.1746031746006
-3726.1746031746006
-3661.5079365079337
-3672.5079365079337
-3683.5079365079337
-3694.5079365079337
-3683.5079365079337
-3694.5079365079337
-3705.5079365079337
-3716.5079365079337
-3727.5079365079337
-3738.5079365079337
-3749.5079365079337
-3760.5079365079337
-3771.5079365079337
-3782.5079365079337
-3793.5079365079337
-3804.5079365079337
-3815.5079365079337
-3826.5079365079337
-3761.8412698412667
-3772.8412698412667
-3783.8412698412667
-3794.8412698412667
-3805.8412698412667
-3816.8412698412667
-3827.8412698412667
-3813.619047619044
-3824.619047619044
-3835.619047619044
-3846.619047619044
-3857.619047619044
-3868.619047619044
-3821.619047619044
-3799.0476190476156
-3810.0476190476156
-3821.0476190476156
-3832.0476190476156
-3843.0476190476156
-3854.0476190476156
-3865.0476190476156
-3876.0476190476156
-3887.0476190476156
-3858.7142857142826
-3869.7142857142826
-3855.49206349206
-3866.49206349206
-3877.49206349206
-3888.49206349206
-3899.49206349206
-3910.49206349206
-3921.49206349206
-3932.49206349206
-3885.49206349206
-3896.49206349206
-3907.49206349206
-3918.49206349206
-3929.49206349206
-3940.49206349206
-3951.49206349206
-3962.49206349206
-3973.49206349206
-3984.49206349206
-3995.49206349206
-3984.49206349206
-3995.49206349206
-4006.49206349206
-3959.49206349206
-3970.49206349206
-3981.49206349206
-3992.49206349206
-4003.49206349206
-4014.49206349206
-4025.49206349206
-4036.49206349206
-4047.49206349206
-4058.49206349206
-4069.49206349206
-4080.49206349206
-4044.49206349206
-4055.49206349206
-4066.49206349206
-4077.49206349206
-4088.49206349206
-4099.49206349206
-4110.49206349206
-4121.49206349206
-4132.49206349206
-4143.49206349206
-4154.49206349206
-4165.49206349206
-4176.49206349206
-4162.269841269837
