-11
-22
-33
-44
-55
-66
-77
-88
-99
-84.77777777777777
-95.77777777777777
-59.77777777777777
-70.77777777777777
-81.77777777777777
-92.77777777777777
-103.77777777777777
-114.77777777777777
-125.77777777777777
-136.77777777777777
-147.77777777777777
-158.77777777777777
-169.77777777777777
-122.77777777777777
-133.77777777777777
-144.77777777777777
-155.77777777777777
-166.77777777777777
-177.77777777777777
-188.77777777777777
-199.77777777777777
-210.77777777777777
-221.77777777777777
-232.77777777777777
-243.77777777777777
-254.77777777777777
-265.77777777777777
-276.77777777777777
-287.77777777777777
-298.77777777777777
-309.77777777777777
-320.77777777777777
-331.77777777777777
-342.77777777777777
-353.77777777777777
-364.77777777777777
-375.77777777777777
-386.77777777777777
-397.77777777777777
-408.77777777777777
-344.11111111111114
-355.11111111111114
-366.11111111111114
-377.11111111111114
-388.11111111111114
-399.11111111111114
-410.11111111111114
-421.11111111111114
-432.11111111111114
-417.88888888888897
-428.88888888888897
-439.88888888888897
-450.88888888888897
-461.88888888888897
-472.88888888888897
-483.88888888888897
-494.88888888888897
-505.88888888888897
-516.8888888888889
-527.8888888888889
-538.8888888888889
-549.8888888888889
-560.8888888888889
-546.6666666666667
-557.6666666666667
-568.6666666666667
-521.6666666666667
-532.6666666666667
-433.66666666666674
-444.66666666666674
-455.66666666666674
-466.66666666666674
-477.66666666666674
-488.66666666666674
-499.66666666666674
-510.66666666666674
-521.6666666666667
-532.6666666666667
-543.6666666666667
-554.6666666666667
-565.6666666666667
-576.6666666666667
-587.6666666666667
-598.6666666666667
-609.6666666666667
-620.6666666666667
-631.6666666666667
-642.6666666666667
-653.6666666666667
-664.6666666666667
-675.6666666666667
-686.6666666666667
-697.6666666666667
-683.4444444444446
-584.4444444444446
-595.4444444444446
-606.4444444444446
-617.4444444444446
-628.4444444444446
-639.4444444444446
-650.4444444444446
-661.4444444444446
-614.4444444444446
-625.4444444444446
-636.4444444444446
-647.4444444444446
-658.4444444444446
-669.4444444444446
-680.4444444444446
-691.4444444444446
-702.4444444444446
-713.4444444444446
-724.4444444444446
-735.4444444444446
-746.4444444444446
-757.4444444444446
-768.4444444444446
-779.4444444444446
-790.4444444444446
-801.4444444444446
-812.4444444444446
-823.4444444444446
-834.4444444444446
-845.4444444444446
-856.4444444444446
-867.4444444444446
-878.4444444444446
-889.4444444444446
-900.4444444444446
-911.4444444444446
-922.4444444444446
-933.4444444444446
-944.4444444444446
-908.4444444444446
-919.4444444444446
-930.4444444444446
-941.4444444444446
-952.4444444444446
-963.4444444444446
-945.4444444444446
-956.4444444444446
-967.4444444444446
-978.4444444444446
-989.4444444444446
-1000.4444444444446
-1011.4444444444446
-975.4444444444446
-986.4444444444446
-997.4444444444446
-1008.4444444444446
-1019.4444444444446
-1030.4444444444446
-1041.4444444444446
-1052.4444444444446
-1063.4444444444446
-1074.4444444444446
-1085.4444444444446
-1096.4444444444446
-1107.4444444444446
-1118.4444444444446
-1129.4444444444446
-1140.4444444444446
-1151.4444444444446
-1162.4444444444446
-1173.4444444444446
-1184.4444444444446
-1195.4444444444446
-1206.4444444444446
-1217.4444444444446
-1228.4444444444446
-1239.4444444444446
-1250.4444444444446
-1261.4444444444446
-1272.4444444444446
-1283.4444444444446
-1236.4444444444446
-1247.4444444444446
-1258.4444444444446
-1269.4444444444446
-1280.4444444444446
-1291.4444444444446
-1302.4444444444446
-1313.4444444444446
-1324.4444444444446
-1335.4444444444446
-1346.4444444444446
-1357.4444444444446
-1368.4444444444446
-1379.4444444444446
-1390.4444444444446
-1401.4444444444446
-1412.4444444444446
-1423.4444444444446
-1434.4444444444446
-1445.4444444444446
-1456.4444444444446
-1467.4444444444446
-1478.4444444444446
-1489.4444444444446
-1500.4444444444446
-1435.777777777778
-1446.777777777778
-1457.777777777778
-1358.777777777778
-1369.777777777778
-1341.4444444444446
-1305.4444444444446
-1282.8730158730161
-1293.8730158730161
-1304.8730158730161
-1315.8730158730161
-1326.8730158730161
-1279.8730158730161
-1290.8730158730161
-1301.8730158730161
-1312.8730158730161
-1323.8730158730161
-1334.8730158730161
-1345.8730158730161
-1356.8730158730161
-1367.8730158730161
-1378.8730158730161
-1389.8730158730161
-1400.8730158730161
-1411.8730158730161
-1422.8730158730161
-1433.8730158730161
-1444.8730158730161
-1455.8730158730161
-1466.8730158730161
-1477.8730158730161
-1488.8730158730161
-1499.8730158730161
-1510.8730158730161
-1411.8730158730161
-1422.8730158730161
-1433.8730158730161
-1444.8730158730161
-1455.8730158730161
-1466.8730158730161
-1477.8730158730161
-1488.8730158730161
-1499.8730158730161
-1510.8730158730161
-1521.8730158730161
-1532.8730158730161
-1543.8730158730161
-1554.8730158730161
-1565.8730158730161
-1576.8730158730161
-1587.8730158730161
-1598.8730158730161
-1609.8730158730161
-1620.8730158730161
-1631.8730158730161
-1642.8730158730161
-1653.8730158730161
-1664.8730158730161
-1642.3015873015877
-1653.3015873015877
-1664.3015873015877
-1675.3015873015877
-1686.3015873015877
-1697.3015873015877
-1708.3015873015877
-1719.3015873015877
-1730.3015873015877
-1741.3015873015877
-1752.3015873015877
-1763.3015873015877
-1774.3015873015877
-1785.3015873015877
-1796.3015873015877
-1807.3015873015877
-1818.3015873015877
-1795.7301587301592
-1806.7301587301592
-1817.7301587301592
-1828.7301587301592
-1839.7301587301592
-1850.7301587301592
-1861.7301587301592
-1872.7301587301592
-1883.7301587301592
-1894.7301587301592
-1905.7301587301592
-1916.7301587301592
-1927.7301587301592
-1938.7301587301592
-1949.7301587301592
-1960.7301587301592
-1971.7301587301592
-1982.7301587301592
-1993.7301587301592
-2004.7301587301592
-2015.7301587301592
-2026.7301587301592
-2037.7301587301592
-2048.730158730159
-2059.730158730159
-2070.730158730159
-2081.730158730159
-2092.730158730159
-2103.730158730159
-2114.730158730159
-2125.730158730159
-2136.730158730159
-2147.730158730159
-2158.730158730159
-2169.730158730159
-2155.5079365079364
-2166.5079365079364
-2177.5079365079364
-2188.5079365079364
-2089.5079365079364
-2100.5079365079364
-2111.5079365079364
-2122.5079365079364
-2133.5079365079364
-2144.5079365079364
-2155.5079365079364
-2166.5079365079364
-2177.5079365079364
-2159.5079365079364
-2170.5079365079364
-2181.5079365079364
-2192.5079365079364
-2203.5079365079364
-2214.5079365079364
-2225.5079365079364
-2236.5079365079364
-2247.5079365079364
-2258.5079365079364
-2269.5079365079364
-2280.5079365079364
-2291.5079365079364
-2302.5079365079364
-2313.5079365079364
-2299.2857142857138
-2310.2857142857138
-2321.2857142857138
-2332.2857142857138
-2343.2857142857138
-2354.2857142857138
-2365.2857142857138
-2376.2857142857138
-2387.2857142857138
-2398.2857142857138
-2409.2857142857138
-2420.2857142857138
-2431.2857142857138
-2442.2857142857138
-2453.2857142857138
-2464.2857142857138
-2475.2857142857138
-2486.2857142857138
-2497.2857142857138
-2508.2857142857138
-2519.2857142857138
-2530.2857142857138
-2541.2857142857138
-2530.2857142857138
-2541.2857142857138
-2476.619047619047
-2377.619047619047
-2388.619047619047
-2399.619047619047
-2410.619047619047
-2421.619047619047
-2432.619047619047
-2443.619047619047
-2454.619047619047
-2465.619047619047
-2476.619047619047
-2487.619047619047
-2498.619047619047
-2509.619047619047
-2520.619047619047
-2531.619047619047
-2542.619047619047
-2531.619047619047
-2542.619047619047
-2553.619047619047
-2564.619047619047
-2575.619047619047
-2586.619047619047
-2597.619047619047
-2608.619047619047
-2590.619047619047
-2601.619047619047
-2612.619047619047
-2623.619047619047
-2634.619047619047
-2645.619047619047
-2656.619047619047
-2667.619047619047
-2678.619047619047
-2689.619047619047
-2700.619047619047
-2711.619047619047
-2722.619047619047
-2733.619047619047
-2744.619047619047
-2755.619047619047
-2690.95238095238
-2701.95238095238
-2712.95238095238
-2723.95238095238
-2734.95238095238
-2635.95238095238
-2646.95238095238
-2657.95238095238
-2668.95238095238
-2679.95238095238
-2690.95238095238
-2654.95238095238
-2665.95238095238
-2566.95238095238
-2577.95238095238
-2588.95238095238
-2599.95238095238
-2610.95238095238
-2621.95238095238
-2632.95238095238
-2643.95238095238
-2654.95238095238
-2665.95238095238
-2676.95238095238
-2687.95238095238
-2698.95238095238
-2709.95238095238
-2720.95238095238
-2731.95238095238
-2742.95238095238
-2753.95238095238
-2764.95238095238
-2775.95238095238
-2786.95238095238
-2797.95238095238
-2808.95238095238
-2819.95238095238
-2830.95238095238
-2841.95238095238
-2852.95238095238
-2863.95238095238
-2874.95238095238
-2885.95238095238
-2838.95238095238
-2849.95238095238
-2860.95238095238
-2871.95238095238
-2882.95238095238
-2893.95238095238
-2871.3809523809514
-2882.3809523809514
-2893.3809523809514
-2904.3809523809514
-2915.3809523809514
-2926.3809523809514
-2937.3809523809514
-2948.3809523809514
-2959.3809523809514
-2970.3809523809514
-2981.3809523809514
-2992.3809523809514
-3003.3809523809514
-3014.3809523809514
-3025.3809523809514
-3036.3809523809514
-3047.3809523809514
-3058.3809523809514
-3069.3809523809514
-3080.3809523809514
-3066.1587301587288
-3077.1587301587288
-3054.5873015873003
-3065.5873015873003
-3076.5873015873003
-3087.5873015873003
-3098.5873015873003
-3109.5873015873003
-3120.5873015873003
-3131.5873015873003
-3142.5873015873003
-3153.5873015873003
-3164.5873015873003
-3175.5873015873003
-3186.5873015873003
-3197.5873015873003
-3208.5873015873003
-3219.5873015873003
-3230.5873015873003
-3241.5873015873003
-3252.5873015873003
-3263.5873015873003
-3274.5873015873003
-3285.5873015873003
-3296.5873015873003
-3307.5873015873003
-3318.5873015873003
-3329.5873015873003
-3340.5873015873003
-3351.5873015873003
-3362.5873015873003
-3263.5873015873003
-3274.5873015873003
-3285.5873015873003
-3296.5873015873003
-3307.5873015873003
-3318.5873015873003
-3329.5873015873003
-3340.5873015873003
-3329.5873015873003
-3340.5873015873003
-3351.5873015873003
-3362.5873015873003
-3373.5873015873003
-3384.5873015873003
-3395.5873015873003
-3406.5873015873003
-3417.5873015873003
-3428.5873015873003
-3329.5873015873003
-3340.5873015873003
-3351.5873015873003
-3362.5873015873003
-3373.5873015873003
-3384.5873015873003
-3395.5873015873003
-3406.5873015873003
-3417.5873015873003
-3428.5873015873003
-3439.5873015873003
-3450.5873015873003
-3461.5873015873003
-3472.5873015873003
-3483.5873015873003
-3494.5873015873003
-3480.3650793650777
-3466.142857142855
-3477.142857142855
-3488.142857142855
-3499.142857142855
-3510.142857142855
-3521.142857142855
-3503.142857142855
-3438.476190476188
-3449.476190476188
-3460.476190476188
-3471.476190476188
-3482.476190476188
-3493.476190476188
-3504.476190476188
-3515.476190476188
-3526.476190476188
-3537.476190476188
-3548.476190476188
-3559.476190476188
-3570.476190476188
-3581.476190476188
-3592.476190476188
-3603.476190476188
-3614.476190476188
-3625.476190476188
-3636.476190476188
-3647.476190476188
-3658.476190476188
-3669.476190476188
-3680.476190476188
-3581.476190476188
-3592.476190476188
-3603.476190476188
-3614.476190476188
-3625.476190476188
-3636.476190476188
-3647.476190476188
-3658.476190476188
-3669.476190476188
-3680.476190476188
-3691.476190476188
-3702.476190476188
-3713.476190476188
-3724.476190476188
-3735.476190476188
-3746.476190476188
-3757.476190476188
-3768.476190476188
-3779.476190476188
-3790.476190476188
-3772.476190476188
-3783.476190476188
-3794.476190476188
-3805.476190476188
-3816.476190476188
-3827.476190476188
-3838.476190476188
-3849.476190476188
-3860.476190476188
-3871.476190476188
-3848.9047619047597
-3859.9047619047597
-3870.9047619047597
-3881.9047619047597
-3892.9047619047597
-3903.9047619047597
-3914.9047619047597
-3925.9047619047597
-3936.9047619047597
-3947.9047619047597
-3958.9047619047597
-3969.9047619047597
-3980.9047619047597
-3991.9047619047597
-4002.9047619047597
-4013.9047619047597
-4024.9047619047597
-4035.9047619047597
-4046.9047619047597
-4057.9047619047597
-4068.9047619047597
-4040.5714285714266
-4051.5714285714266
-4062.5714285714266
-4073.5714285714266
-4084.5714285714266
-4095.5714285714266
-4106.571428571427
-4117.571428571427
-4128.571428571427
-4139.571428571427
-4103.571428571427
-4114.571428571427
-4125.571428571427
-4136.571428571427
-4147.571428571427
-4158.571428571427
-4169.571428571427
-4180.571428571427
-4191.571428571427
-4202.571428571427
-4213.571428571427
-4190.999999999997
-4201.999999999997
-4212.999999999997
-4223.999999999997
-4234.999999999997
-4245.999999999997
-4256.999999999997
-4267.999999999997
-4278.999999999997
-4289.999999999997
-4300.999999999997
-4311.999999999997
-4322.999999999997
-4286.999999999997
-4250.999999999997
-4261.999999999997
-4272.999999999997
-4283.999999999997
-4294.999999999997
-4247.999999999997
-4258.999999999997
-4269.999999999997
-4280.999999999997
-4291.999999999997
-4302.999999999997
-4313.999999999997
-4324.999999999997
-4335.999999999997
-4346.999999999997
-4357.999999999997
-4368.999999999997
-4379.999999999997
-4315.333333333331
-4326.333333333331
-4337.333333333331
-4348.333333333331
-4359.333333333331
-4370.333333333331
-4381.333333333331
