-11
-22
-33
-44
-55
-66
-77
-88
-99
-110
-121
-22.0
-33.0
-44.0
-55.0
-66.0
-77.0
-88.0
-99.0
-110.0
-121.0
-132.0
-117.77777777777777
-128.77777777777777
-139.77777777777777
-150.77777777777777
-161.77777777777777
-62.77777777777777
-73.77777777777777
-84.77777777777777
-95.77777777777777
-106.77777777777777
-117.77777777777777
-128.77777777777777
-139.77777777777777
-150.77777777777777
-161.77777777777777
-172.77777777777777
-183.77777777777777
-194.77777777777777
-205.77777777777777
-216.77777777777777
-169.77777777777777
-180.77777777777777
-191.77777777777777
-202.77777777777777
-213.77777777777777
-224.77777777777777
-196.44444444444446
-207.44444444444446
-218.44444444444446
-229.44444444444446
-240.44444444444446
-251.44444444444446
-262.44444444444446
-273.44444444444446
-284.44444444444446
-295.44444444444446
-306.44444444444446
-317.44444444444446
-328.44444444444446
-339.44444444444446
-350.44444444444446
-361.44444444444446
-350.44444444444446
-361.44444444444446
-372.44444444444446
-307.7777777777778
-318.7777777777778
-329.7777777777778
-340.7777777777778
-351.7777777777778
-362.7777777777778
-373.7777777777778
-384.7777777777778
-395.7777777777778
-406.7777777777778
-417.7777777777778
-428.7777777777778
-439.7777777777778
-450.7777777777778
-461.7777777777778
-472.7777777777778
-483.7777777777778
-494.7777777777778
-466.44444444444446
-477.44444444444446
-488.44444444444446
-499.44444444444446
-510.44444444444446
-521.4444444444445
-532.4444444444445
-504.11111111111114
-515.1111111111111
-526.1111111111111
-537.1111111111111
-548.1111111111111
-559.1111111111111
-570.1111111111111
-581.1111111111111
-592.1111111111111
-603.1111111111111
-614.1111111111111
-625.1111111111111
-636.1111111111111
-647.1111111111111
-658.1111111111111
-669.1111111111111
-680.1111111111111
-691.1111111111111
-702.1111111111111
-713.1111111111111
-724.1111111111111
-735.1111111111111
-670.4444444444443
-681.4444444444443
-692.4444444444443
-703.4444444444443
-714.4444444444443
-725.4444444444443
-736.4444444444443
-747.4444444444443
-758.4444444444443
-769.4444444444443
-780.4444444444443
-791.4444444444443
-802.4444444444443
-813.4444444444443
-824.4444444444443
-835.4444444444443
-846.4444444444443
-857.4444444444443
-868.4444444444443
-879.4444444444443
-890.4444444444443
-901.4444444444443
-912.4444444444443
-923.4444444444443
-934.4444444444443
-945.4444444444443
-956.4444444444443
-967.4444444444443
-978.4444444444443
-989.4444444444443
-1000.4444444444443
-1011.4444444444443
-1022.4444444444443
-1033.4444444444443
-1044.4444444444443
-1055.4444444444443
-1066.4444444444443
-1077.4444444444443
-1088.4444444444443
-1099.4444444444443
-1110.4444444444443
-1121.4444444444443
-1110.4444444444443
-1121.4444444444443
-1132.4444444444443
-1143.4444444444443
-1154.4444444444443
-1165.4444444444443
-1176.4444444444443
-1187.4444444444443
-1198.4444444444443
-1209.4444444444443
-1220.4444444444443
-1231.4444444444443
-1242.4444444444443
-1231.4444444444443
-1242.4444444444443
-1253.4444444444443
-1264.4444444444443
-1275.4444444444443
-1286.4444444444443
-1297.4444444444443
-1308.4444444444443
-1319.4444444444443
-1330.4444444444443
-1341.4444444444443
-1352.4444444444443
-1363.4444444444443
-1374.4444444444443
-1385.4444444444443
-1374.4444444444443
-1385.4444444444443
-1396.4444444444443
-1407.4444444444443
-1418.4444444444443
-1429.4444444444443
-1440.4444444444443
-1451.4444444444443
-1462.4444444444443
-1473.4444444444443
-1484.4444444444443
-1419.7777777777778
-1397.2063492063494
-1408.2063492063494
-1419.2063492063494
-1430.2063492063494
-1441.2063492063494
-1452.2063492063494
-1416.2063492063494
-1427.2063492063494
-1438.2063492063494
-1449.2063492063494
-1460.2063492063494
-1471.2063492063494
-1456.9841269841272
-1467.9841269841272
-1478.9841269841272
-1489.9841269841272
-1500.9841269841272
-1511.9841269841272
-1522.9841269841272
-1533.9841269841272
-1519.761904761905
-1530.761904761905
-1541.761904761905
-1552.761904761905
-1563.761904761905
-1574.761904761905
-1585.761904761905
-1596.761904761905
-1607.761904761905
-1618.761904761905
-1629.761904761905
-1640.761904761905
-1651.761904761905
-1662.761904761905
-1673.761904761905
-1684.761904761905
-1695.761904761905
-1706.761904761905
-1717.761904761905
-1728.761904761905
-1739.761904761905
-1750.761904761905
-1761.761904761905
-1772.761904761905
-1783.761904761905
-1755.4285714285716
-1741.2063492063494
-1752.2063492063494
-1763.2063492063494
-1774.2063492063494
-1785.2063492063494
-1796.2063492063494
-1807.2063492063494
-1818.2063492063494
-1829.2063492063494
-1806.634920634921
-1817.634920634921
-1828.634920634921
-1814.4126984126988
-1825.4126984126988
-1836.4126984126988
-1847.4126984126988
-1858.4126984126988
-1869.4126984126988
-1880.4126984126988
-1891.4126984126988
-1902.4126984126988
-1913.4126984126988
-1924.4126984126988
-1935.4126984126988
-1946.4126984126988
-1957.4126984126988
-1968.4126984126988
-1979.4126984126988
-1990.4126984126988
-2001.4126984126988
-2012.4126984126988
-2023.4126984126988
-2034.4126984126988
-1987.4126984126988
-1998.4126984126988
-2009.4126984126988
-2020.4126984126988
-2031.4126984126988
-2042.4126984126988
-2053.412698412699
-2064.412698412699
-2075.412698412699
-2086.412698412699
-2097.412698412699
-2086.412698412699
-2097.412698412699
-2108.412698412699
-2119.412698412699
-2130.412698412699
-2141.412698412699
-2094.412698412699
-2105.412698412699
-2116.412698412699
-2127.412698412699
-2138.412698412699
-2149.412698412699
-2160.412698412699
-2095.746031746032
-2106.746031746032
-2117.746031746032
-2128.746031746032
-2139.746031746032
-2150.746031746032
-2161.746031746032
-2172.746031746032
-2183.746031746032
-2194.746031746032
-2205.746031746032
-2216.746031746032
-2227.746031746032
-2238.746031746032
-2216.1746031746034
-2227.1746031746034
-2212.9523809523807
-2113.9523809523807
-2124.9523809523807
-2106.9523809523807
-2117.9523809523807
-2128.9523809523807
-2139.9523809523807
-2150.9523809523807
-2161.9523809523807
-2172.9523809523807
-2161.9523809523807
-2172.9523809523807
-2073.9523809523807
-2084.9523809523807
-2095.9523809523807
-2106.9523809523807
-2117.9523809523807
-2128.9523809523807
-2139.9523809523807
-2121.9523809523807
-2132.9523809523807
-2143.9523809523807
-2121.3809523809523
-2132.3809523809523
-2143.3809523809523
-2154.3809523809523
-2165.3809523809523
-2176.3809523809523
-2187.3809523809523
-2198.3809523809523
-2209.3809523809523
-2220.3809523809523
-2231.3809523809523
-2242.3809523809523
-2253.3809523809523
-2264.3809523809523
-2275.3809523809523
-2286.3809523809523
-2297.3809523809523
-2308.3809523809523
-2319.3809523809523
-2330.3809523809523
-2341.3809523809523
-2352.3809523809523
-2363.3809523809523
-2374.3809523809523
-2385.3809523809523
-2396.3809523809523
-2407.3809523809523
-2384.809523809524
-2395.809523809524
-2406.809523809524
-2417.809523809524
-2428.809523809524
-2439.809523809524
-2450.809523809524
-2461.809523809524
-2472.809523809524
-2458.587301587301
-2469.587301587301
-2480.587301587301
-2491.587301587301
-2502.587301587301
-2513.587301587301
-2524.587301587301
-2535.587301587301
-2546.587301587301
-2557.587301587301
-2568.587301587301
-2579.587301587301
-2590.587301587301
-2601.587301587301
-2536.9206349206343
-2547.9206349206343
-2558.9206349206343
-2569.9206349206343
-2580.9206349206343
-2591.9206349206343
-2602.9206349206343
-2613.9206349206343
-2624.9206349206343
-2635.9206349206343
-2646.9206349206343
-2657.9206349206343
-2668.9206349206343
-2679.9206349206343
-2690.9206349206343
-2701.9206349206343
-2712.9206349206343
-2723.9206349206343
-2701.349206349206
-2712.349206349206
-2723.349206349206
-2734.349206349206
-2723.349206349206
-2734.349206349206
-2669.682539682539
-2658.682539682539
-2669.682539682539
-2680.682539682539
-2691.682539682539
-2702.682539682539
-2713.682539682539
-2724.682539682539
-2735.682539682539
-2713.1111111111104
-2724.1111111111104
-2735.1111111111104
-2746.1111111111104
-2757.1111111111104
-2658.1111111111104
-2669.1111111111104
-2680.1111111111104
-2691.1111111111104
-2702.1111111111104
-2673.7777777777774
-2684.7777777777774
-2695.7777777777774
-2706.7777777777774
-2717.7777777777774
-2728.7777777777774
-2739.7777777777774
-2750.7777777777774
-2761.7777777777774
-2772.7777777777774
-2783.7777777777774
-2794.7777777777774
-2695.7777777777774
-2706.7777777777774
-2717.7777777777774
-2728.7777777777774
-2739.7777777777774
-2750.7777777777774
-2761.7777777777774
-2772.7777777777774
-2783.7777777777774
-2794.7777777777774
-2805.7777777777774
-2769.7777777777774
-2780.7777777777774
-2791.7777777777774
-2802.7777777777774
-2813.7777777777774
-2824.7777777777774
-2835.7777777777774
-2846.7777777777774
-2857.7777777777774
-2868.7777777777774
-2879.7777777777774
-2890.7777777777774
-2901.7777777777774
-2912.7777777777774
-2923.7777777777774
-2934.7777777777774
-2945.7777777777774
-2956.7777777777774
-2967.7777777777774
-2978.7777777777774
-2989.7777777777774
-3000.7777777777774
-3011.7777777777774
-3022.7777777777774
-3033.7777777777774
-3044.7777777777774
-3055.7777777777774
-3066.7777777777774
-2967.7777777777774
-2978.7777777777774
-2989.7777777777774
-3000.7777777777774
-3011.7777777777774
-3022.7777777777774
-3033.7777777777774
-3044.7777777777774
-3055.7777777777774
-3066.7777777777774
-3077.7777777777774
-3088.7777777777774
-3099.7777777777774
-3110.7777777777774
-3121.7777777777774
-3132.7777777777774
-3143.7777777777774
-3125.7777777777774
-3136.7777777777774
-3147.7777777777774
-3158.7777777777774
-3169.7777777777774
-3180.7777777777774
-3166.5555555555547
-3177.5555555555547
-3188.5555555555547
-3199.5555555555547
-3210.5555555555547
-3111.5555555555547
-3122.5555555555547
-3133.5555555555547
-3144.5555555555547
-3155.5555555555547
-3166.5555555555547
-3177.5555555555547
-3188.5555555555547
-3199.5555555555547
-3210.5555555555547
-3221.5555555555547
-3232.5555555555547
-3243.5555555555547
-3254.5555555555547
-3265.5555555555547
-3276.5555555555547
-3287.5555555555547
-3298.5555555555547
-3309.5555555555547
-3320.5555555555547
-3331.5555555555547
-3342.5555555555547
-3353.5555555555547
-3364.5555555555547
-3375.5555555555547
-3386.5555555555547
-3397.5555555555547
-3408.5555555555547
-3372.5555555555547
-3383.5555555555547
-3394.5555555555547
-3405.5555555555547
-3416.5555555555547
-3427.5555555555547
-3438.5555555555547
-3449.5555555555547
-3460.5555555555547
-3471.5555555555547
-3482.5555555555547
-3493.5555555555547
-3504.5555555555547
-3515.5555555555547
-3526.5555555555547
-3537.5555555555547
-3548.5555555555547
-3559.5555555555547
-3570.5555555555547
-3581.5555555555547
-3592.5555555555547
-3545.5555555555547
-3556.5555555555547
-3567.5555555555547
-3578.5555555555547
-3589.5555555555547
-3578.5555555555547
-3589.5555555555547
-3578.5555555555547
-3589.5555555555547
-3600.5555555555547
-3553.5555555555547
-3564.5555555555547
-3499.888888888888
-3510.888888888888
-3521.888888888888
-3532.888888888888
-3514.888888888888
-3525.888888888888
-3536.888888888888
-3547.888888888888
-3558.888888888888
-3569.888888888888
-3580.888888888888
-3591.888888888888
-3602.888888888888
-3613.888888888888
-3624.888888888888
-3635.888888888888
-3607.5555555555547
-3618.5555555555547
-3629.5555555555547
-3640.5555555555547
-3651.5555555555547
-3662.5555555555547
-3673.5555555555547
-3684.5555555555547
-3695.5555555555547
-3706.5555555555547
-3717.5555555555547
-3728.5555555555547
-3739.5555555555547
-3750.5555555555547
-3761.5555555555547
-3772.5555555555547
-3783.5555555555547
-3794.5555555555547
-3805.5555555555547
-3816.5555555555547
-3827.5555555555547
-3838.5555555555547
-3849.5555555555547
-3860.5555555555547
-3871.5555555555547
-3882.5555555555547
-3893.5555555555547
-3904.5555555555547
-3915.5555555555547
-3926.5555555555547
-3937.5555555555547
-3948.5555555555547
-3959.5555555555547
-3970.5555555555547
-3942.2222222222217
-3953.2222222222217
-3964.2222222222217
-3975.2222222222217
-3986.2222222222217
-3997.2222222222217
-4008.2222222222217
-4019.2222222222217
-4030.2222222222217
-4041.2222222222217
-4052.2222222222217
-4034.2222222222217
-4045.2222222222217
-4056.2222222222217
-4067.2222222222217
-4078.2222222222217
-4089.2222222222217
-4100.222222222222
-4111.222222222222
-4122.222222222222
-4133.222222222222
-4144.222222222222
-4155.222222222222
-4166.222222222222
-4177.222222222222
-4188.222222222222
-4199.222222222222
-4210.222222222222
-4221.222222222222
-4232.222222222222
-4243.222222222222
-4254.222222222222
-4265.222222222222
-4276.222222222222
-4287.222222222222
-4298.222222222222
-4309.222222222222
-4320.222222222222
-4331.222222222222
-4342.222222222222
-4353.222222222222
-4364.222222222222
-4375.222222222222
-4386.222222222222
-4397.222222222222
-4408.222222222222
-4419.222222222222
-4404.999999999999
-4415.999999999999
-4426.999999999999
-4437.999999999999
-4448.999999999999
-4459.999999999999
-4470.999999999999
-4481.999999999999
-4492.999999999999
-4503.999999999999
-4514.999999999999
-4525.999999999999
-4536.999999999999
-4547.999999999999
-4558.999999999999
-4536.42857142857
-4547.42857142857
-4500.42857142857
-4511.42857142857
