-11
-22
-33
-18.77777777777778
-29.77777777777778
-40.77777777777778
-51.77777777777778
-62.77777777777778
-73.77777777777777
-84.77777777777777
-95.77777777777777
-106.77777777777777
-117.77777777777777
-128.77777777777777
-139.77777777777777
-150.77777777777777
-161.77777777777777
-172.77777777777777
-183.77777777777777
-194.77777777777777
-205.77777777777777
-216.77777777777777
-227.77777777777777
-238.77777777777777
-249.77777777777777
-260.77777777777777
-271.77777777777777
-282.77777777777777
-235.77777777777777
-246.77777777777777
-257.77777777777777
-268.77777777777777
-279.77777777777777
-290.77777777777777
-301.77777777777777
-312.77777777777777
-323.77777777777777
-334.77777777777777
-345.77777777777777
-356.77777777777777
-367.77777777777777
-378.77777777777777
-389.77777777777777
-400.77777777777777
-411.77777777777777
-347.11111111111114
-248.11111111111114
-259.11111111111114
-270.11111111111114
-281.11111111111114
-292.11111111111114
-303.11111111111114
-314.11111111111114
-325.11111111111114
-336.11111111111114
-347.11111111111114
-358.11111111111114
-369.11111111111114
-380.11111111111114
-369.11111111111114
-380.11111111111114
-391.11111111111114
-344.11111111111114
-355.11111111111114
-366.11111111111114
-343.5396825396826
-354.5396825396826
-365.5396825396826
-266.5396825396826
-277.5396825396826
-288.5396825396826
-274.3174603174604
-285.3174603174604
-296.3174603174604
-307.3174603174604
-318.3174603174604
-329.3174603174604
-340.3174603174604
-293.3174603174604
-304.3174603174604
-315.3174603174604
-326.3174603174604
-312.09523809523824
-323.09523809523824
-334.09523809523824
-345.09523809523824
-322.5238095238097
-304.5238095238097
-315.5238095238097
-326.5238095238097
-337.5238095238097
-348.5238095238097
-359.5238095238097
-341.5238095238097
-352.5238095238097
-363.5238095238097
-374.5238095238097
-385.5238095238097
-396.5238095238097
-407.5238095238097
-418.5238095238097
-371.5238095238097
-382.5238095238097
-393.5238095238097
-346.5238095238097
-357.5238095238097
-368.5238095238097
-340.1904761904763
-351.1904761904763
-362.1904761904763
-373.1904761904763
-384.1904761904763
-395.1904761904763
-406.1904761904763
-417.1904761904763
-428.1904761904763
-439.1904761904763
-450.1904761904763
-461.1904761904763
-425.1904761904763
-436.1904761904763
-447.1904761904763
-458.1904761904763
-447.1904761904763
-458.1904761904763
-469.1904761904763
-480.1904761904763
-491.1904761904763
-502.1904761904763
-513.1904761904764
-524.1904761904764
-535.1904761904764
-546.1904761904764
-557.1904761904764
-568.1904761904764
-579.1904761904764
-590.1904761904764
-601.1904761904764
-612.1904761904764
-623.1904761904764
-634.1904761904764
-645.1904761904764
-656.1904761904764
-609.1904761904764
-620.1904761904764
-631.1904761904764
-642.1904761904764
-653.1904761904764
-664.1904761904764
-675.1904761904764
-610.5238095238096
-621.5238095238096
-632.5238095238096
-618.3015873015875
-629.3015873015875
-640.3015873015875
-651.3015873015875
-662.3015873015875
-673.3015873015875
-684.3015873015875
-695.3015873015875
-706.3015873015875
-717.3015873015875
-728.3015873015875
-739.3015873015875
-750.3015873015875
-761.3015873015875
-772.3015873015875
-783.3015873015875
-794.3015873015875
-805.3015873015875
-816.3015873015875
-827.3015873015875
-838.3015873015875
-809.9682539682542
-820.9682539682542
-831.9682539682542
-842.9682539682542
-853.9682539682542
-864.9682539682542
-875.9682539682542
-886.9682539682542
-897.9682539682542
-908.9682539682542
-809.9682539682542
-820.9682539682542
-831.9682539682542
-809.3968253968255
-744.7301587301588
-645.7301587301588
-656.7301587301588
-667.7301587301588
-678.7301587301588
-689.7301587301588
-700.7301587301588
-711.7301587301588
-722.7301587301588
-733.7301587301588
-744.7301587301588
-755.7301587301588
-766.7301587301588
-777.7301587301588
-788.7301587301588
-777.7301587301588
-788.7301587301588
-799.7301587301588
-810.7301587301588
-821.7301587301588
-832.7301587301588
-843.7301587301588
-821.1587301587301
-832.1587301587301
-843.1587301587301
-854.1587301587301
-807.1587301587301
-818.1587301587301
-829.1587301587301
-840.1587301587301
-804.1587301587301
-815.1587301587301
-826.1587301587301
-837.1587301587301
-848.1587301587301
-859.1587301587301
-870.1587301587301
-881.1587301587301
-892.1587301587301
-903.1587301587301
-914.1587301587301
-925.1587301587301
-936.1587301587301
-947.1587301587301
-958.1587301587301
-911.1587301587301
-922.1587301587301
-933.1587301587301
-944.1587301587301
-955.1587301587301
-966.1587301587301
-977.1587301587301
-988.1587301587301
-999.1587301587301
-1010.1587301587301
-1021.1587301587301
-1032.1587301587301
-1043.1587301587301
-1054.1587301587301
-1065.1587301587301
-1076.1587301587301
-1087.1587301587301
-1098.1587301587301
-1109.1587301587301
-1120.1587301587301
-1131.1587301587301
-1142.1587301587301
-1153.1587301587301
-1164.1587301587301
-1175.1587301587301
-1186.1587301587301
-1197.1587301587301
-1208.1587301587301
-1219.1587301587301
-1154.4920634920636
-1165.4920634920636
-1176.4920634920636
-1187.4920634920636
-1198.4920634920636
-1209.4920634920636
-1220.4920634920636
-1231.4920634920636
-1242.4920634920636
-1253.4920634920636
-1264.4920634920636
-1275.4920634920636
-1261.2698412698414
-1272.2698412698414
-1283.2698412698414
-1294.2698412698414
-1305.2698412698414
-1316.2698412698414
-1327.2698412698414
-1338.2698412698414
-1349.2698412698414
-1360.2698412698414
-1371.2698412698414
-1382.2698412698414
-1393.2698412698414
-1404.2698412698414
-1415.2698412698414
-1426.2698412698414
-1397.936507936508
-1408.936507936508
-1419.936507936508
-1430.936507936508
-1441.936507936508
-1452.936507936508
-1463.936507936508
-1416.936507936508
-1427.936507936508
-1438.936507936508
-1424.7142857142858
-1435.7142857142858
-1446.7142857142858
-1457.7142857142858
-1410.7142857142858
-1421.7142857142858
-1432.7142857142858
-1443.7142857142858
-1454.7142857142858
-1465.7142857142858
-1476.7142857142858
-1487.7142857142858
-1498.7142857142858
-1509.7142857142858
-1520.7142857142858
-1531.7142857142858
-1495.7142857142858
-1506.7142857142858
-1517.7142857142858
-1528.7142857142858
-1539.7142857142858
-1550.7142857142858
-1561.7142857142858
-1572.7142857142858
-1583.7142857142858
-1594.7142857142858
-1605.7142857142858
-1616.7142857142858
-1627.7142857142858
-1638.7142857142858
-1649.7142857142858
-1660.7142857142858
-1671.7142857142858
-1682.7142857142858
-1583.7142857142858
-1594.7142857142858
-1605.7142857142858
-1616.7142857142858
-1588.3809523809523
-1599.3809523809523
-1610.3809523809523
-1621.3809523809523
-1632.3809523809523
-1643.3809523809523
-1654.3809523809523
-1665.3809523809523
-1676.3809523809523
-1687.3809523809523
-1669.3809523809523
-1604.7142857142858
-1615.7142857142858
-1626.7142857142858
-1598.3809523809523
-1609.3809523809523
-1620.3809523809523
-1631.3809523809523
-1642.3809523809523
-1653.3809523809523
-1664.3809523809523
-1675.3809523809523
-1686.3809523809523
-1663.8095238095239
-1674.8095238095239
-1685.8095238095239
-1696.8095238095239
-1707.8095238095239
-1718.8095238095239
-1700.8095238095239
-1686.5873015873017
-1697.5873015873017
-1708.5873015873017
-1719.5873015873017
-1730.5873015873017
-1741.5873015873017
-1752.5873015873017
-1763.5873015873017
-1774.5873015873017
-1785.5873015873017
-1796.5873015873017
-1807.5873015873017
-1818.5873015873017
-1829.5873015873017
-1840.5873015873017
-1851.5873015873017
-1862.5873015873017
-1873.5873015873017
-1884.5873015873017
-1895.5873015873017
-1906.5873015873017
-1888.5873015873017
-1899.5873015873017
-1910.5873015873017
-1921.5873015873017
-1932.5873015873017
-1943.5873015873017
-1954.5873015873017
-1965.5873015873017
-1976.5873015873017
-1987.5873015873017
-1998.5873015873017
-2009.5873015873017
-2020.5873015873017
-2031.5873015873017
-2042.5873015873017
-2053.5873015873017
-2064.5873015873017
-2075.5873015873017
-2086.5873015873017
-2097.5873015873017
-2108.5873015873017
-2119.5873015873017
-2130.5873015873017
-2141.5873015873017
-2152.5873015873017
-2087.9206349206347
-2098.9206349206347
-2109.9206349206347
-2120.9206349206347
-2131.9206349206347
-2142.9206349206347
-2153.9206349206347
-2164.9206349206347
-2175.9206349206347
-2186.9206349206347
-2197.9206349206347
-2208.9206349206347
-2219.9206349206347
-2230.9206349206347
-2241.9206349206347
-2252.9206349206347
-2263.9206349206347
-2274.9206349206347
-2285.9206349206347
-2296.9206349206347
-2285.9206349206347
-2296.9206349206347
-2307.9206349206347
-2318.9206349206347
-2329.9206349206347
-2340.9206349206347
-2351.9206349206347
-2362.9206349206347
-2373.9206349206347
-2384.9206349206347
-2395.9206349206347
-2406.9206349206347
-2359.9206349206347
-2370.9206349206347
-2381.9206349206347
-2392.9206349206347
-2403.9206349206347
-2381.3492063492063
-2392.3492063492063
-2403.3492063492063
-2338.6825396825393
-2327.6825396825393
-2338.6825396825393
-2349.6825396825393
-2360.6825396825393
-2371.6825396825393
-2382.6825396825393
-2393.6825396825393
-2404.6825396825393
-2415.6825396825393
-2426.6825396825393
-2437.6825396825393
-2448.6825396825393
-2459.6825396825393
-2470.6825396825393
-2371.6825396825393
-2382.6825396825393
-2393.6825396825393
-2404.6825396825393
-2415.6825396825393
-2426.6825396825393
-2437.6825396825393
-2448.6825396825393
-2459.6825396825393
-2470.6825396825393
-2481.6825396825393
-2492.6825396825393
-2503.6825396825393
-2514.6825396825393
-2496.6825396825393
-2507.6825396825393
-2518.6825396825393
-2529.6825396825393
-2540.6825396825393
-2551.6825396825393
-2562.6825396825393
-2573.6825396825393
-2584.6825396825393
-2595.6825396825393
-2531.0158730158723
-2542.0158730158723
-2553.0158730158723
-2564.0158730158723
-2575.0158730158723
-2586.0158730158723
-2597.0158730158723
-2608.0158730158723
-2619.0158730158723
-2630.0158730158723
-2641.0158730158723
-2652.0158730158723
-2663.0158730158723
-2674.0158730158723
-2685.0158730158723
-2696.0158730158723
-2707.0158730158723
-2718.0158730158723
-2729.0158730158723
-2740.0158730158723
-2751.0158730158723
-2762.0158730158723
-2773.0158730158723
-2755.0158730158723
-2766.0158730158723
-2777.0158730158723
-2788.0158730158723
-2799.0158730158723
-2810.0158730158723
-2821.0158730158723
-2785.0158730158723
-2796.0158730158723
-2807.0158730158723
-2818.0158730158723
-2829.0158730158723
-2840.0158730158723
-2851.0158730158723
-2862.0158730158723
-2873.0158730158723
-2884.0158730158723
-2895.0158730158723
-2906.0158730158723
-2917.0158730158723
-2928.0158730158723
-2939.0158730158723
-2950.0158730158723
-2961.0158730158723
-2972.0158730158723
-2983.0158730158723
-2994.0158730158723
-3005.0158730158723
-3016.0158730158723
-2987.6825396825393
-2998.6825396825393
-3009.6825396825393
-2973.6825396825393
-2945.3492063492063
-2956.3492063492063
-2967.3492063492063
-2978.3492063492063
-2989.3492063492063
-3000.3492063492063
-3011.3492063492063
-3022.3492063492063
-3033.3492063492063
-3044.3492063492063
-3055.3492063492063
-2990.6825396825393
-3001.6825396825393
-3012.6825396825393
-3023.6825396825393
-3034.6825396825393
-3045.6825396825393
-3056.6825396825393
-3067.6825396825393
-3078.6825396825393
-3089.6825396825393
-3100.6825396825393
-3111.6825396825393
-3122.6825396825393
-3133.6825396825393
-3144.6825396825393
-3155.6825396825393
-3166.6825396825393
-3177.6825396825393
-3188.6825396825393
-3199.6825396825393
-3210.6825396825393
-3196.4603174603167
-3097.4603174603167
-3108.4603174603167
-3119.4603174603167
-3130.4603174603167
-3141.4603174603167
-3152.4603174603167
-3163.4603174603167
-3174.4603174603167
-3151.8888888888882
-3162.8888888888882
-3173.8888888888882
-3184.8888888888882
-3195.8888888888882
-3206.8888888888882
-3217.8888888888882
-3228.8888888888882
-3239.8888888888882
-3250.8888888888882
-3261.8888888888882
-3272.8888888888882
-3283.8888888888882
-3294.8888888888882
-3305.8888888888882
-3316.8888888888882
-3327.8888888888882
-3338.8888888888882
-3349.8888888888882
-3360.8888888888882
-3371.8888888888882
-3382.8888888888882
-3393.8888888888882
-3404.8888888888882
-3415.8888888888882
-3393.31746031746
-3404.31746031746
-3415.31746031746
-3426.31746031746
-3437.31746031746
-3448.31746031746
-3430.31746031746
-3331.31746031746
-3313.31746031746
-3324.31746031746
-3335.31746031746
-3346.31746031746
-3247.31746031746
-3258.31746031746
-3269.31746031746
-3280.31746031746
-3291.31746031746
-3302.31746031746
-3313.31746031746
-3324.31746031746
-3295.9841269841268
-3306.9841269841268
-3317.9841269841268
-3328.9841269841268
-3339.9841269841268
-3350.9841269841268
-3361.9841269841268
-3372.9841269841268
-3383.9841269841268
-3394.9841269841268
-3405.9841269841268
-3416.9841269841268
-3317.9841269841268
-3328.9841269841268
-3339.9841269841268
-3350.9841269841268
-3361.9841269841268
-3372.9841269841268
-3383.9841269841268
-3394.9841269841268
-3405.9841269841268
-3416.9841269841268
-3427.9841269841268
-3438.9841269841268
-3416.4126984126983
-3351.7460317460313
-3362.7460317460313
-3373.7460317460313
-3384.7460317460313
-3395.7460317460313
-3406.7460317460313
-3417.7460317460313
-3428.7460317460313
-3392.7460317460313
-3403.7460317460313
-3339.0793650793644
-3350.0793650793644
-3361.0793650793644
-3372.0793650793644
-3383.0793650793644
-3394.0793650793644
-3405.0793650793644
-3416.0793650793644
-3351.4126984126974
-3362.4126984126974
-3373.4126984126974
-3355.4126984126974
-3366.4126984126974
-3377.4126984126974
-3388.4126984126974
-3399.4126984126974
-3410.4126984126974
-3421.4126984126974
-3432.4126984126974
-3443.4126984126974
-3454.4126984126974
-3465.4126984126974
-3476.4126984126974
-3487.4126984126974
-3498.4126984126974
-3509.4126984126974
-3520.4126984126974
