-11
-22
-33
-44
-55
44.0
33.0
22.0
11.0
0.0
-11.0
53.66666666666667
118.33333333333334
107.33333333333334
96.33333333333334
85.33333333333334
74.33333333333334
63.33333333333334
52.33333333333334
41.33333333333334
30.333333333333343
19.333333333333343
8.333333333333343
-2.666666666666657
25.66666666666668
124.66666666666669
113.66666666666669
102.66666666666669
91.66666666666669
80.66666666666669
69.66666666666669
58.666666666666686
47.666666666666686
36.666666666666686
25.666666666666686
14.666666666666686
3.6666666666666856
-7.333333333333314
-18.333333333333314
-29.333333333333314
-40.333333333333314
-51.333333333333314
-62.333333333333314
-73.33333333333331
-84.33333333333331
-95.33333333333331
-106.33333333333331
-117.33333333333331
-94.76190476190473
4.238095238095269
-6.761904761904731
-17.76190476190473
-28.76190476190473
35.90476190476194
24.90476190476194
13.90476190476194
2.9047619047619406
-8.09523809523806
-19.09523809523806
-30.09523809523806
-41.09523809523806
-52.09523809523806
-63.09523809523806
-74.09523809523806
-85.09523809523806
-96.09523809523806
-107.09523809523806
-118.09523809523806
-129.09523809523807
-140.09523809523807
-151.09523809523807
-162.09523809523807
-173.09523809523807
-184.09523809523807
-195.09523809523807
-206.09523809523807
-217.09523809523807
-170.09523809523807
-181.09523809523807
-166.87301587301585
-177.87301587301585
-141.87301587301585
-152.87301587301585
-163.87301587301585
-174.87301587301585
-185.87301587301585
-86.87301587301585
-97.87301587301585
-108.87301587301585
-44.20634920634917
-55.20634920634917
-66.20634920634916
-77.20634920634916
-88.20634920634916
-99.20634920634916
-110.20634920634916
-11.20634920634916
-22.20634920634916
-33.20634920634916
-44.20634920634916
-55.20634920634916
-66.20634920634916
-77.20634920634916
-88.20634920634916
-99.20634920634916
-110.20634920634916
-121.20634920634916
-132.20634920634916
-143.20634920634916
-154.20634920634916
-165.20634920634916
-176.20634920634916
-187.20634920634916
-198.20634920634916
-209.20634920634916
-220.20634920634916
-231.20634920634916
-213.20634920634916
-166.20634920634916
-177.20634920634916
-188.20634920634916
-173.98412698412693
-184.98412698412693
-148.98412698412693
-159.98412698412693
-170.98412698412693
-181.98412698412693
-134.98412698412693
-145.98412698412693
-156.98412698412693
-167.98412698412693
-178.98412698412693
-189.98412698412693
-153.98412698412693
-164.98412698412693
-175.98412698412693
-186.98412698412693
-197.98412698412693
-208.98412698412693
-219.98412698412693
-230.98412698412693
-241.98412698412693
-252.98412698412693
-241.98412698412693
-219.41269841269838
-230.41269841269838
-131.41269841269838
-32.412698412698376
-43.412698412698376
-54.412698412698376
-65.41269841269838
-0.7460317460317043
-11.746031746031704
-22.746031746031704
-33.746031746031704
-44.746031746031704
-55.746031746031704
-66.7460317460317
-77.7460317460317
-88.7460317460317
-99.7460317460317
-110.7460317460317
-121.7460317460317
-132.7460317460317
-143.7460317460317
-154.7460317460317
-55.74603174603169
-66.74603174603169
-77.74603174603169
-88.74603174603169
-99.74603174603169
-110.74603174603169
-121.74603174603169
-132.7460317460317
-143.7460317460317
-44.74603174603169
-55.74603174603169
-66.74603174603169
-77.74603174603169
-88.74603174603169
-99.74603174603169
-110.74603174603169
-121.74603174603169
-132.7460317460317
-143.7460317460317
-154.7460317460317
-165.7460317460317
-176.7460317460317
-154.17460317460313
-165.17460317460313
-176.17460317460313
-187.17460317460313
-198.17460317460313
-180.17460317460313
-81.17460317460313
-45.174603174603135
-56.174603174603135
-67.17460317460313
-78.17460317460313
-89.17460317460313
-100.17460317460313
-111.17460317460313
-122.17460317460313
-133.17460317460313
-68.50793650793645
-79.50793650793645
-90.50793650793645
-101.50793650793645
-112.50793650793645
-123.50793650793645
-76.50793650793645
-29.50793650793645
-40.50793650793645
-51.50793650793645
-62.50793650793645
-26.50793650793645
-37.50793650793645
-48.50793650793645
-59.50793650793645
-70.50793650793645
-81.50793650793645
-92.50793650793645
-103.50793650793645
-114.50793650793645
-15.50793650793645
-26.50793650793645
-37.50793650793645
-48.50793650793645
-59.50793650793645
-70.50793650793645
-81.50793650793645
-92.50793650793645
-64.1746031746031
-75.1746031746031
-86.1746031746031
-97.1746031746031
1.8253968253968935
37.82539682539689
26.825396825396894
15.825396825396894
4.8253968253968935
22.825396825396894
11.825396825396894
76.49206349206356
65.49206349206356
54.492063492063565
43.492063492063565
32.492063492063565
21.492063492063565
10.492063492063565
-0.5079365079364351
35.492063492063565
24.492063492063565
52.82539682539691
41.82539682539691
30.825396825396908
19.825396825396908
118.82539682539691
107.82539682539691
96.82539682539691
85.82539682539691
74.82539682539691
63.82539682539691
52.82539682539691
41.82539682539691
30.825396825396908
19.825396825396908
8.825396825396908
-2.1746031746030923
-13.174603174603092
-24.174603174603092
-35.17460317460309
-46.17460317460309
52.82539682539691
41.82539682539691
30.825396825396908
19.825396825396908
84.49206349206358
73.49206349206358
62.49206349206358
51.49206349206358
40.49206349206358
29.49206349206358
18.49206349206358
29.49206349206358
18.49206349206358
7.492063492063579
-3.507936507936421
-14.50793650793642
-25.50793650793642
-36.50793650793642
-47.50793650793642
-58.50793650793642
-69.50793650793642
29.49206349206358
18.49206349206358
7.492063492063579
-3.507936507936421
-14.50793650793642
-25.50793650793642
-36.50793650793642
-47.50793650793642
-58.50793650793642
40.49206349206358
29.49206349206358
18.49206349206358
7.492063492063579
-3.507936507936421
-14.50793650793642
-3.507936507936421
-14.50793650793642
-25.50793650793642
-36.50793650793642
-47.50793650793642
-58.50793650793642
-69.50793650793642
-80.50793650793642
-57.936507936507844
-68.93650793650784
30.063492063492163
19.063492063492163
8.063492063492163
-2.9365079365078373
-13.936507936507837
-24.936507936507837
11.063492063492163
0.06349206349216274
22.634920634920736
11.634920634920736
110.63492063492073
209.63492063492072
198.63492063492072
187.63492063492072
176.63492063492072
165.63492063492072
154.63492063492072
143.63492063492072
242.63492063492072
231.63492063492072
220.63492063492072
209.63492063492072
198.63492063492072
187.63492063492072
252.3015873015874
241.3015873015874
230.3015873015874
219.3015873015874
283.9682539682541
272.9682539682541
371.9682539682541
360.9682539682541
349.9682539682541
338.9682539682541
327.9682539682541
316.9682539682541
381.6349206349207
370.6349206349207
359.6349206349207
348.6349206349207
366.6349206349207
380.8571428571429
427.8571428571429
416.8571428571429
405.8571428571429
428.42857142857144
417.42857142857144
406.42857142857144
395.42857142857144
418.0
429.0
493.66666666666663
482.66666666666663
471.66666666666663
570.6666666666666
559.6666666666666
548.6666666666666
537.6666666666666
526.6666666666666
515.6666666666666
562.6666666666666
551.6666666666666
540.6666666666666
529.6666666666666
518.6666666666666
617.6666666666666
606.6666666666666
624.6666666666666
689.3333333333334
678.3333333333334
667.3333333333334
732.0000000000001
721.0000000000001
710.0000000000001
699.0000000000001
798.0000000000001
787.0000000000001
776.0000000000001
765.0000000000001
754.0000000000001
743.0000000000001
842.0000000000001
831.0000000000001
820.0000000000001
831.0000000000001
820.0000000000001
809.0000000000001
908.0000000000001
897.0000000000001
886.0000000000001
875.0000000000001
864.0000000000001
853.0000000000001
842.0000000000001
889.0000000000001
953.6666666666669
942.6666666666669
931.6666666666669
920.6666666666669
949.0000000000001
996.0000000000001
985.0000000000001
974.0000000000001
963.0000000000001
952.0000000000001
941.0000000000001
930.0000000000001
919.0000000000001
908.0000000000001
897.0000000000001
886.0000000000001
985.0000000000001
974.0000000000001
963.0000000000001
952.0000000000001
941.0000000000001
1040.0
1029.0
1018.0
1007.0
996.0
985.0
974.0
963.0
981.0
1080.0
1069.0
1058.0
1157.0
1256.0
1245.0
1234.0
1223.0
1212.0
1201.0
1190.0
1179.0
1243.6666666666665
1342.6666666666665
1331.6666666666665
1320.6666666666665
1309.6666666666665
1298.6666666666665
1287.6666666666665
1276.6666666666665
1265.6666666666665
1254.6666666666665
1319.333333333333
1308.333333333333
1297.333333333333
1396.333333333333
1385.333333333333
1374.333333333333
1363.333333333333
1352.333333333333
1451.333333333333
1440.333333333333
1429.333333333333
1418.333333333333
1407.333333333333
1506.333333333333
1495.333333333333
1484.333333333333
1473.333333333333
1462.333333333333
1561.333333333333
1550.333333333333
1539.333333333333
1528.333333333333
1550.9047619047615
1539.9047619047615
1528.9047619047615
1517.9047619047615
1616.9047619047615
1605.9047619047615
1594.9047619047615
1693.9047619047615
1682.9047619047615
1671.9047619047615
1660.9047619047615
1678.9047619047615
1667.9047619047615
1656.9047619047615
1645.9047619047615
1634.9047619047615
1623.9047619047615
1612.9047619047615
1648.9047619047615
1637.9047619047615
1673.9047619047615
1662.9047619047615
1651.9047619047615
1640.9047619047615
1629.9047619047615
1618.9047619047615
1607.9047619047615
1596.9047619047615
1585.9047619047615
1574.9047619047615
1563.9047619047615
1581.9047619047615
1570.9047619047615
1669.9047619047615
1658.9047619047615
1669.9047619047615
1658.9047619047615
1647.9047619047615
1636.9047619047615
1625.9047619047615
1672.9047619047615
1771.9047619047615
1760.9047619047615
1749.9047619047615
1738.9047619047615
1803.571428571428
1792.571428571428
1781.571428571428
1770.571428571428
1817.571428571428
1806.571428571428
1795.571428571428
1784.571428571428
1773.571428571428
1762.571428571428
1751.571428571428
1769.571428571428
1758.571428571428
1747.571428571428
1736.571428571428
1725.571428571428
1753.9047619047615
1771.9047619047615
1760.9047619047615
1749.9047619047615
1738.9047619047615
1727.9047619047615
1716.9047619047615
1781.571428571428
1770.571428571428
1759.571428571428
1748.571428571428
1737.571428571428
1726.571428571428
1825.571428571428
1814.571428571428
1837.1428571428564
1884.1428571428564
1873.1428571428564
1862.1428571428564
1851.1428571428564
1887.1428571428564
1876.1428571428564
1865.1428571428564
1854.1428571428564
1843.1428571428564
1832.1428571428564
1931.1428571428564
2030.1428571428564
2019.1428571428564
2008.1428571428564
1997.1428571428564
1986.1428571428564
1975.1428571428564
1964.1428571428564
1953.1428571428564
2052.1428571428564
2116.8095238095234
2105.8095238095234
2094.8095238095234
2083.8095238095234
2072.8095238095234
2061.8095238095234
2050.8095238095234
2039.8095238095234
2028.8095238095234
2017.8095238095234
2006.8095238095234
2029.3809523809518
2128.380952380952
2117.380952380952
2106.380952380952
2142.380952380952
2131.380952380952
2120.380952380952
2109.380952380952
2098.380952380952
2197.380952380952
2262.047619047619
2251.047619047619
2240.047619047619
2229.047619047619
2218.047619047619
2207.047619047619
2196.047619047619
2295.047619047619
2284.047619047619
2273.047619047619
2262.047619047619
2251.047619047619
2279.380952380952
2268.380952380952
2257.380952380952
2246.380952380952
2235.380952380952
2224.380952380952
2213.380952380952
2231.380952380952
2220.380952380952
2209.380952380952
2220.380952380952
2319.380952380952
2418.380952380952
2407.380952380952
2396.380952380952
2385.380952380952
2374.380952380952
2363.380952380952
2428.047619047619
2417.047619047619
2406.047619047619
2442.047619047619
2431.047619047619
2495.714285714286
2484.714285714286
2473.714285714286
2462.714285714286
2451.714285714286
2465.9365079365084
2454.9365079365084
2443.9365079365084
2432.9365079365084
2421.9365079365084
2410.9365079365084
2509.9365079365084
2498.9365079365084
2487.9365079365084
2586.9365079365084
2575.9365079365084
2564.9365079365084
2553.9365079365084
2542.9365079365084
2589.9365079365084
2578.9365079365084
2567.9365079365084
2556.9365079365084
2545.9365079365084
2534.9365079365084
2599.6031746031754
2588.6031746031754
2577.6031746031754
2676.6031746031754
2775.6031746031754
2764.6031746031754
2753.6031746031754
2742.6031746031754
2731.6031746031754
2720.6031746031754
2709.6031746031754
2698.6031746031754
2687.6031746031754
2676.6031746031754
2775.6031746031754
2764.6031746031754
2753.6031746031754
2742.6031746031754
2731.6031746031754
2720.6031746031754
2709.6031746031754
2698.6031746031754
2687.6031746031754
2676.6031746031754
2665.6031746031754
2654.6031746031754
2643.6031746031754
2690.6031746031754
2679.6031746031754
2744.2698412698423
2808.9365079365093
2873.6031746031763
2938.2698412698433
2927.2698412698433
2916.2698412698433
2905.2698412698433
2894.2698412698433
2883.2698412698433
2872.2698412698433
2861.2698412698433
2850.2698412698433
2886.2698412698433
2875.2698412698433
2864.2698412698433
2853.2698412698433
2842.2698412698433
2831.2698412698433
2820.2698412698433
2919.2698412698433
2908.2698412698433
2897.2698412698433
2886.2698412698433
2875.2698412698433
2864.2698412698433
2853.2698412698433
2842.2698412698433
2941.2698412698433
2930.2698412698433
2919.2698412698433
2908.2698412698433
2919.2698412698433
2908.2698412698433
2897.2698412698433
2886.2698412698433
2985.2698412698433
2974.2698412698433
2963.2698412698433
2952.2698412698433
2941.2698412698433
2930.2698412698433
2919.2698412698433
2908.2698412698433
2897.2698412698433
2886.2698412698433
2875.2698412698433
2939.93650793651
2928.93650793651
2917.93650793651
2906.93650793651
2917.93650793651
2906.93650793651
2895.93650793651
2994.93650793651
