-11
-22
-33
-44
-55
-66
-77
-88
-99
-110
-121
-132
-143
-154
-89.33333333333331
-100.33333333333331
-1.3333333333333144
-12.333333333333314
-23.333333333333314
-34.333333333333314
-45.333333333333314
-56.333333333333314
-67.33333333333331
-78.33333333333331
-89.33333333333331
-100.33333333333331
-111.33333333333331
-97.11111111111109
-108.11111111111109
-119.11111111111109
-83.11111111111109
-94.11111111111109
-105.11111111111109
-116.11111111111109
-127.11111111111109
-138.1111111111111
-149.1111111111111
-160.1111111111111
-171.1111111111111
-182.1111111111111
-193.1111111111111
-204.1111111111111
-215.1111111111111
-226.1111111111111
-237.1111111111111
-248.1111111111111
-149.1111111111111
-160.1111111111111
-171.1111111111111
-182.1111111111111
-193.1111111111111
-204.1111111111111
-215.1111111111111
-226.1111111111111
-237.1111111111111
-248.1111111111111
-259.1111111111111
-270.1111111111111
-281.1111111111111
-292.1111111111111
-303.1111111111111
-292.1111111111111
-303.1111111111111
-314.1111111111111
-325.1111111111111
-336.1111111111111
-347.1111111111111
-358.1111111111111
-369.1111111111111
-380.1111111111111
-391.1111111111111
-402.1111111111111
-413.1111111111111
-424.1111111111111
-435.1111111111111
-446.1111111111111
-410.1111111111111
-421.1111111111111
-432.1111111111111
-333.1111111111111
-234.1111111111111
-198.1111111111111
-99.11111111111109
-110.11111111111109
-121.11111111111109
-132.1111111111111
-143.1111111111111
-154.1111111111111
-165.1111111111111
-176.1111111111111
-187.1111111111111
-198.1111111111111
-209.1111111111111
-220.1111111111111
-231.1111111111111
-242.1111111111111
-253.1111111111111
-264.1111111111111
-275.1111111111111
-286.1111111111111
-297.1111111111111
-308.1111111111111
-319.1111111111111
-330.1111111111111
-341.1111111111111
-352.1111111111111
-363.1111111111111
-374.1111111111111
-385.1111111111111
-396.1111111111111
-407.1111111111111
-418.1111111111111
-429.1111111111111
-440.1111111111111
-429.1111111111111
-440.1111111111111
-451.1111111111111
-462.1111111111111
-473.1111111111111
-484.1111111111111
-495.1111111111111
-506.1111111111111
-517.1111111111111
-528.1111111111111
-539.1111111111111
-550.1111111111111
-561.1111111111111
-572.1111111111111
-583.1111111111111
-594.1111111111111
-605.1111111111111
-616.1111111111111
-627.1111111111111
-638.1111111111111
-649.1111111111111
-626.5396825396824
-637.5396825396824
-648.5396825396824
-659.5396825396824
-670.5396825396824
-681.5396825396824
-692.5396825396824
-703.5396825396824
-714.5396825396824
-725.5396825396824
-736.5396825396824
-747.5396825396824
-758.5396825396824
-769.5396825396824
-704.8730158730157
-715.8730158730157
-726.8730158730157
-737.8730158730157
-748.8730158730157
-759.8730158730157
-770.8730158730157
-706.2063492063489
-717.2063492063489
-728.2063492063489
-739.2063492063489
-750.2063492063489
-761.2063492063489
-772.2063492063489
-783.2063492063489
-794.2063492063489
-805.2063492063489
-816.2063492063489
-827.2063492063489
-838.2063492063489
-849.2063492063489
-860.2063492063489
-871.2063492063489
-882.2063492063489
-893.2063492063489
-870.6349206349203
-881.6349206349203
-892.6349206349203
-903.6349206349203
-914.6349206349203
-925.6349206349203
-936.6349206349203
-947.6349206349203
-958.6349206349203
-969.6349206349203
-980.6349206349203
-991.6349206349203
-973.6349206349203
-984.6349206349203
-995.6349206349203
-1006.6349206349203
-1017.6349206349203
-1028.6349206349203
-1039.6349206349203
-1050.6349206349203
-1061.6349206349203
-1047.412698412698
-1058.412698412698
-1069.412698412698
-1080.412698412698
-1091.412698412698
-1102.412698412698
-1113.412698412698
-1124.412698412698
-1135.412698412698
-1146.412698412698
-1128.412698412698
-1092.412698412698
-1045.412698412698
-1056.412698412698
-1067.412698412698
-1078.412698412698
-1089.412698412698
-1100.412698412698
-1111.412698412698
-1122.412698412698
-1133.412698412698
-1144.412698412698
-1155.412698412698
-1166.412698412698
-1148.412698412698
-1159.412698412698
-1170.412698412698
-1181.412698412698
-1192.412698412698
-1203.412698412698
-1214.412698412698
-1225.412698412698
-1236.412698412698
-1247.412698412698
-1258.412698412698
-1269.412698412698
-1280.412698412698
-1291.412698412698
-1302.412698412698
-1313.412698412698
-1324.412698412698
-1259.7460317460316
-1231.412698412698
-1242.412698412698
-1253.412698412698
-1264.412698412698
-1275.412698412698
-1286.412698412698
-1272.190476190476
-1283.190476190476
-1294.190476190476
-1305.190476190476
-1287.190476190476
-1298.190476190476
-1309.190476190476
-1320.190476190476
-1331.190476190476
-1342.190476190476
-1353.190476190476
-1364.190476190476
-1375.190476190476
-1386.190476190476
-1397.190476190476
-1408.190476190476
-1419.190476190476
-1430.190476190476
-1441.190476190476
-1452.190476190476
-1463.190476190476
-1474.190476190476
-1485.190476190476
-1496.190476190476
-1507.190476190476
-1518.190476190476
-1489.8571428571424
-1500.8571428571424
-1511.8571428571424
-1522.8571428571424
-1533.8571428571424
-1544.8571428571424
-1555.8571428571424
-1533.285714285714
-1544.285714285714
-1555.285714285714
-1544.285714285714
-1555.285714285714
-1566.285714285714
-1577.285714285714
-1588.285714285714
-1599.285714285714
-1563.285714285714
-1574.285714285714
-1551.7142857142856
-1562.7142857142856
-1540.142857142857
-1551.142857142857
-1562.142857142857
-1547.920634920635
-1558.920634920635
-1569.920634920635
-1580.920634920635
-1591.920634920635
-1602.920634920635
-1613.920634920635
-1599.6984126984128
-1581.6984126984128
-1592.6984126984128
-1603.6984126984128
-1614.6984126984128
-1625.6984126984128
-1636.6984126984128
-1647.6984126984128
-1658.6984126984128
-1669.6984126984128
-1680.6984126984128
-1691.6984126984128
-1702.6984126984128
-1713.6984126984128
-1724.6984126984128
-1735.6984126984128
-1746.6984126984128
-1757.6984126984128
-1768.6984126984128
-1779.6984126984128
-1790.6984126984128
-1801.6984126984128
-1812.6984126984128
-1823.6984126984128
-1834.6984126984128
-1845.6984126984128
-1856.6984126984128
-1867.6984126984128
-1878.6984126984128
-1889.6984126984128
-1900.6984126984128
-1911.6984126984128
-1922.6984126984128
-1933.6984126984128
-1944.6984126984128
-1955.6984126984128
-1933.1269841269843
-1915.1269841269843
-1926.1269841269843
-1937.1269841269843
-1948.1269841269843
-1959.1269841269843
-1970.1269841269843
-1981.1269841269843
-1992.1269841269843
-2003.1269841269843
-2014.1269841269843
-2025.1269841269843
-1960.4603174603178
-1861.4603174603178
-1872.4603174603178
-1773.4603174603178
-1784.4603174603178
-1756.1269841269843
-1767.1269841269843
-1778.1269841269843
-1789.1269841269843
-1800.1269841269843
-1777.5555555555559
-1788.5555555555559
-1799.5555555555559
-1810.5555555555559
-1821.5555555555559
-1832.5555555555559
-1843.5555555555559
-1854.5555555555559
-1865.5555555555559
-1876.5555555555559
-1887.5555555555559
-1898.5555555555559
-1909.5555555555559
-1881.2222222222224
-1892.2222222222224
-1793.2222222222224
-1757.2222222222224
-1768.2222222222224
-1779.2222222222224
-1790.2222222222224
-1801.2222222222224
-1812.2222222222224
-1823.2222222222224
-1834.2222222222224
-1845.2222222222224
-1856.2222222222224
-1867.2222222222224
-1878.2222222222224
-1889.2222222222224
-1900.2222222222224
-1871.888888888889
-1882.888888888889
-1893.888888888889
-1904.888888888889
-1915.888888888889
-1926.888888888889
-1937.888888888889
-1948.888888888889
-1959.888888888889
-1970.888888888889
-1981.888888888889
-1992.888888888889
-2003.888888888889
-2014.888888888889
-2025.888888888889
-2036.888888888889
-2047.888888888889
-2058.8888888888887
-2069.8888888888887
-2080.8888888888887
-2091.8888888888887
-2102.8888888888887
-2113.8888888888887
-2124.8888888888887
-2135.8888888888887
-2146.8888888888887
-2157.8888888888887
-2168.8888888888887
-2179.8888888888887
-2190.8888888888887
-2201.8888888888887
-2212.8888888888887
-2148.2222222222217
-2130.2222222222217
-2141.2222222222217
-2152.2222222222217
-2163.2222222222217
-2174.2222222222217
-2185.2222222222217
-2196.2222222222217
-2207.2222222222217
-2218.2222222222217
-2229.2222222222217
-2240.2222222222217
-2251.2222222222217
-2262.2222222222217
-2273.2222222222217
-2284.2222222222217
-2295.2222222222217
-2306.2222222222217
-2317.2222222222217
-2328.2222222222217
-2292.2222222222217
-2303.2222222222217
-2314.2222222222217
-2325.2222222222217
-2336.2222222222217
-2289.2222222222217
-2300.2222222222217
-2311.2222222222217
-2322.2222222222217
-2333.2222222222217
-2344.2222222222217
-2355.2222222222217
-2366.2222222222217
-2377.2222222222217
-2388.2222222222217
-2399.2222222222217
-2410.2222222222217
-2421.2222222222217
-2406.999999999999
-2417.999999999999
-2428.999999999999
-2439.999999999999
-2450.999999999999
-2461.999999999999
-2472.999999999999
-2483.999999999999
-2494.999999999999
-2505.999999999999
-2516.999999999999
-2527.999999999999
-2428.999999999999
-2439.999999999999
-2450.999999999999
-2461.999999999999
-2472.999999999999
-2483.999999999999
-2494.999999999999
-2505.999999999999
-2516.999999999999
-2527.999999999999
-2538.999999999999
-2549.999999999999
-2560.999999999999
-2571.999999999999
-2582.999999999999
-2593.999999999999
-2604.999999999999
-2615.999999999999
-2626.999999999999
-2598.666666666666
-2499.666666666666
-2510.666666666666
-2521.666666666666
-2532.666666666666
-2543.666666666666
-2554.666666666666
-2565.666666666666
-2576.666666666666
-2565.666666666666
-2576.666666666666
-2587.666666666666
-2598.666666666666
-2609.666666666666
-2620.666666666666
-2631.666666666666
-2642.666666666666
-2624.666666666666
-2635.666666666666
-2646.666666666666
-2657.666666666666
-2668.666666666666
-2679.666666666666
-2690.666666666666
-2701.666666666666
-2712.666666666666
-2723.666666666666
-2705.666666666666
-2716.666666666666
-2727.666666666666
-2738.666666666666
-2749.666666666666
-2760.666666666666
-2771.666666666666
-2782.666666666666
-2793.666666666666
-2804.666666666666
-2815.666666666666
-2826.666666666666
-2837.666666666666
-2848.666666666666
-2859.666666666666
-2870.666666666666
-2881.666666666666
-2892.666666666666
-2903.666666666666
-2914.666666666666
-2925.666666666666
-2914.666666666666
-2925.666666666666
-2936.666666666666
-2947.666666666666
-2958.666666666666
-2969.666666666666
-2980.666666666666
-2991.666666666666
-3002.666666666666
-2903.666666666666
-2914.666666666666
-2925.666666666666
-2936.666666666666
-2947.666666666666
-2958.666666666666
-2969.666666666666
-2980.666666666666
-2991.666666666666
-2969.0952380952376
-2980.0952380952376
-2991.0952380952376
-3002.0952380952376
-3013.0952380952376
-3024.0952380952376
-3035.0952380952376
-3046.0952380952376
-3057.0952380952376
-3068.0952380952376
-3079.0952380952376
-3090.0952380952376
-3101.0952380952376
-3112.0952380952376
-3123.0952380952376
-3134.0952380952376
-3145.0952380952376
-3156.0952380952376
-3167.0952380952376
-3178.0952380952376
-3189.0952380952376
-3200.0952380952376
-3211.0952380952376
-3222.0952380952376
-3233.0952380952376
-3244.0952380952376
-3255.0952380952376
-3266.0952380952376
-3277.0952380952376
-3288.0952380952376
-3299.0952380952376
-3310.0952380952376
-3321.0952380952376
-3332.0952380952376
-3285.0952380952376
-3296.0952380952376
-3307.0952380952376
-3318.0952380952376
-3329.0952380952376
-3340.0952380952376
-3351.0952380952376
-3362.0952380952376
-3373.0952380952376
-3384.0952380952376
-3395.0952380952376
-3406.0952380952376
-3417.0952380952376
-3428.0952380952376
-3439.0952380952376
-3450.0952380952376
-3461.0952380952376
-3472.0952380952376
-3483.0952380952376
-3494.0952380952376
-3505.0952380952376
-3516.0952380952376
-3527.0952380952376
-3538.0952380952376
-3549.0952380952376
-3560.0952380952376
-3571.0952380952376
-3582.0952380952376
-3593.0952380952376
-3604.0952380952376
-3615.0952380952376
-3626.0952380952376
-3637.0952380952376
-3648.0952380952376
-3659.0952380952376
-3670.0952380952376
-3681.0952380952376
-3692.0952380952376
-3703.0952380952376
-3714.0952380952376
-3725.0952380952376
-3736.0952380952376
-3747.0952380952376
-3758.0952380952376
-3743.873015873015
-3644.873015873015
-3655.873015873015
-3666.873015873015
-3677.873015873015
-3688.873015873015
-3699.873015873015
-3710.873015873015
-3721.873015873015
-3710.873015873015
-3721.873015873015
-3732.873015873015
-3685.873015873015
-3696.873015873015
-3668.539682539682
-3679.539682539682
-3690.539682539682
-3701.539682539682
-3712.539682539682
-3723.539682539682
-3734.539682539682
-3745.539682539682
-3756.539682539682
-3767.539682539682
-3778.539682539682
-3789.539682539682
-3800.539682539682
-3811.539682539682
-3822.539682539682
-3833.539682539682
-3844.539682539682
-3855.539682539682
-3866.539682539682
-3877.539682539682
-3888.539682539682
-3899.539682539682
-3910.539682539682
-3921.539682539682
-3932.539682539682
-3943.539682539682
-3954.539682539682
-3965.539682539682
-3929.539682539682
-3940.539682539682
-3951.539682539682
-3962.539682539682
-3973.539682539682
-3984.539682539682
-3995.539682539682
-4006.539682539682
-4017.539682539682
-4028.539682539682
-4039.539682539682
-4050.539682539682
-4061.539682539682
-4072.539682539682
-4083.539682539682
-4094.539682539682
-4105.539682539682
