-11
-22
-33
-44
-55
-66
-77
-88
-99
-110
-121
-132
-143
-125.0
-136.0
-147.0
-158.0
-169.0
-180.0
-81.0
-92.0
-103.0
-114.0
-125.0
-136.0
-147.0
-48.0
-59.0
-70.0
-81.0
-92.0
-103.0
-114.0
-125.0
-136.0
-147.0
-158.0
-169.0
-180.0
-191.0
-202.0
-213.0
-190.42857142857144
-201.42857142857144
-212.42857142857144
-223.42857142857144
-234.42857142857144
-245.42857142857144
-256.42857142857144
-267.42857142857144
-278.42857142857144
-289.42857142857144
-300.42857142857144
-311.42857142857144
-322.42857142857144
-333.42857142857144
-344.42857142857144
-355.42857142857144
-366.42857142857144
-377.42857142857144
-388.42857142857144
-399.42857142857144
-410.42857142857144
-421.42857142857144
-432.42857142857144
-443.42857142857144
-454.42857142857144
-465.42857142857144
-476.42857142857144
-487.42857142857144
-498.42857142857144
-509.42857142857144
-520.4285714285714
-531.4285714285714
-542.4285714285714
-553.4285714285714
-525.0952380952382
-536.0952380952382
-518.0952380952382
-419.0952380952382
-430.0952380952382
-441.0952380952382
-452.0952380952382
-463.0952380952382
-474.0952380952382
-485.0952380952382
-496.0952380952382
-507.0952380952382
-518.0952380952382
-453.42857142857156
-464.42857142857156
-475.42857142857156
-486.42857142857156
-463.857142857143
-474.857142857143
-485.857142857143
-496.857142857143
-507.857142857143
-518.857142857143
-529.857142857143
-540.857142857143
-526.6349206349208
-537.6349206349208
-519.6349206349208
-530.6349206349208
-541.6349206349208
-552.6349206349208
-563.6349206349208
-574.6349206349208
-585.6349206349208
-596.6349206349208
-607.6349206349208
-618.6349206349208
-629.6349206349208
-640.6349206349208
-651.6349206349208
-662.6349206349208
-673.6349206349208
-684.6349206349208
-585.6349206349208
-596.6349206349208
-607.6349206349208
-618.6349206349208
-600.6349206349208
-611.6349206349208
-622.6349206349208
-633.6349206349208
-644.6349206349208
-655.6349206349208
-666.6349206349208
-677.6349206349208
-688.6349206349208
-699.6349206349208
-710.6349206349208
-721.6349206349208
-732.6349206349208
-743.6349206349208
-754.6349206349208
-765.6349206349208
-751.4126984126987
-762.4126984126987
-773.4126984126987
-726.4126984126987
-737.4126984126987
-748.4126984126987
-759.4126984126987
-770.4126984126987
-781.4126984126987
-792.4126984126987
-803.4126984126987
-814.4126984126987
-825.4126984126987
-836.4126984126987
-847.4126984126987
-858.4126984126987
-869.4126984126987
-880.4126984126987
-891.4126984126987
-902.4126984126987
-913.4126984126987
-924.4126984126987
-935.4126984126987
-946.4126984126987
-957.4126984126987
-968.4126984126987
-979.4126984126987
-990.4126984126987
-1001.4126984126987
-1012.4126984126987
-1023.4126984126987
-1034.4126984126988
-1045.4126984126988
-1056.4126984126988
-1067.4126984126988
-1078.4126984126988
-1089.4126984126988
-1100.4126984126988
-1111.4126984126988
-1122.4126984126988
-1133.4126984126988
-1144.4126984126988
-1155.4126984126988
-1166.4126984126988
-1177.4126984126988
-1188.4126984126988
-1199.4126984126988
-1210.4126984126988
-1221.4126984126988
-1232.4126984126988
-1243.4126984126988
-1254.4126984126988
-1265.4126984126988
-1276.4126984126988
-1287.4126984126988
-1298.4126984126988
-1309.4126984126988
-1244.7460317460323
-1255.7460317460323
-1266.7460317460323
-1277.7460317460323
-1288.7460317460323
-1299.7460317460323
-1310.7460317460323
-1321.7460317460323
-1332.7460317460323
-1343.7460317460323
-1354.7460317460323
-1365.7460317460323
-1266.7460317460323
-1277.7460317460323
-1288.7460317460323
-1299.7460317460323
-1310.7460317460323
-1321.7460317460323
-1332.7460317460323
-1343.7460317460323
-1354.7460317460323
-1365.7460317460323
-1376.7460317460323
-1387.7460317460323
-1398.7460317460323
-1409.7460317460323
-1420.7460317460323
-1431.7460317460323
-1442.7460317460323
-1453.7460317460323
-1464.7460317460323
-1475.7460317460323
-1486.7460317460323
-1497.7460317460323
-1508.7460317460323
-1486.1746031746038
-1497.1746031746038
-1508.1746031746038
-1519.1746031746038
-1530.1746031746038
-1541.1746031746038
-1552.1746031746038
-1563.1746031746038
-1527.1746031746038
-1538.1746031746038
-1549.1746031746038
-1560.1746031746038
-1571.1746031746038
-1582.1746031746038
-1593.1746031746038
-1604.1746031746038
-1615.1746031746038
-1604.1746031746038
-1615.1746031746038
-1626.1746031746038
-1637.1746031746038
-1590.1746031746038
-1601.1746031746038
-1612.1746031746038
-1623.1746031746038
-1634.1746031746038
-1645.1746031746038
-1630.9523809523816
-1641.9523809523816
-1652.9523809523816
-1663.9523809523816
-1674.9523809523816
-1685.9523809523816
-1696.9523809523816
-1707.9523809523816
-1718.9523809523816
-1729.9523809523816
-1740.9523809523816
-1751.9523809523816
-1762.9523809523816
-1773.9523809523816
-1674.9523809523816
-1685.9523809523816
-1696.9523809523816
-1707.9523809523816
-1718.9523809523816
-1729.9523809523816
-1740.9523809523816
-1751.9523809523816
-1762.9523809523816
-1715.9523809523816
-1726.9523809523816
-1737.9523809523816
-1748.9523809523816
-1701.9523809523816
-1712.9523809523816
-1723.9523809523816
-1734.9523809523816
-1745.9523809523816
-1756.9523809523816
-1767.9523809523816
-1668.9523809523816
-1679.9523809523816
-1690.9523809523816
-1701.9523809523816
-1712.9523809523816
-1613.9523809523816
-1624.9523809523816
-1635.9523809523816
-1646.9523809523816
-1657.9523809523816
-1621.9523809523816
-1632.9523809523816
-1643.9523809523816
-1654.9523809523816
-1665.9523809523816
-1676.9523809523816
-1687.9523809523816
-1698.9523809523816
-1709.9523809523816
-1720.9523809523816
-1731.9523809523816
-1684.9523809523816
-1695.9523809523816
-1706.9523809523816
-1717.9523809523816
-1728.9523809523816
-1739.9523809523816
-1750.9523809523816
-1761.9523809523816
-1772.9523809523816
-1783.9523809523816
-1794.9523809523816
-1805.9523809523816
-1816.9523809523816
-1827.9523809523816
-1838.9523809523816
-1849.9523809523816
-1860.9523809523816
-1871.9523809523816
-1882.9523809523816
-1893.9523809523816
-1904.9523809523816
-1915.9523809523816
-1926.9523809523816
-1937.9523809523816
-1948.9523809523816
-1959.9523809523816
-1895.2857142857151
-1906.2857142857151
-1917.2857142857151
-1928.2857142857151
-1939.2857142857151
-1950.2857142857151
-1961.2857142857151
-1972.2857142857151
-1983.2857142857151
-1994.2857142857151
-2005.2857142857151
-2016.2857142857151
-2027.2857142857151
-2038.2857142857151
-2049.285714285715
-2060.285714285715
-2071.285714285715
-2082.285714285715
-2093.285714285715
-2104.285714285715
-2115.285714285715
-2126.285714285715
-2137.285714285715
-2101.285714285715
-2112.285714285715
-2123.285714285715
-2134.285714285715
-2145.285714285715
-2156.285714285715
-2167.285714285715
-2178.285714285715
-2189.285714285715
-2200.285714285715
-2211.285714285715
-2164.285714285715
-2175.285714285715
-2186.285714285715
-2197.285714285715
-2150.285714285715
-2161.285714285715
-2172.285714285715
-2143.952380952382
-2154.952380952382
-2165.952380952382
-2176.952380952382
-2187.952380952382
-2151.952380952382
-2052.952380952382
-2063.952380952382
-2074.952380952382
-2085.952380952382
-2096.952380952382
-2107.952380952382
-2118.952380952382
-2129.952380952382
-2030.952380952382
-2041.952380952382
-2052.952380952382
-2063.952380952382
-2074.952380952382
-2085.952380952382
-2096.952380952382
-2107.952380952382
-2085.3809523809537
-2096.3809523809537
-2107.3809523809537
-2118.3809523809537
-2129.3809523809537
-2140.3809523809537
-2151.3809523809537
-2162.3809523809537
-2173.3809523809537
-2184.3809523809537
-2195.3809523809537
-2206.3809523809537
-2217.3809523809537
-2228.3809523809537
-2239.3809523809537
-2250.3809523809537
-2261.3809523809537
-2272.3809523809537
-2283.3809523809537
-2294.3809523809537
-2305.3809523809537
-2316.3809523809537
-2327.3809523809537
-2338.3809523809537
-2349.3809523809537
-2360.3809523809537
-2371.3809523809537
-2382.3809523809537
-2393.3809523809537
-2404.3809523809537
-2415.3809523809537
-2426.3809523809537
-2437.3809523809537
-2448.3809523809537
-2459.3809523809537
-2470.3809523809537
-2481.3809523809537
-2492.3809523809537
-2503.3809523809537
-2514.3809523809537
-2525.3809523809537
-2536.3809523809537
-2547.3809523809537
-2558.3809523809537
-2569.3809523809537
-2580.3809523809537
-2591.3809523809537
-2602.3809523809537
-2613.3809523809537
-2624.3809523809537
-2635.3809523809537
-2646.3809523809537
-2657.3809523809537
-2668.3809523809537
-2679.3809523809537
-2580.3809523809537
-2591.3809523809537
-2602.3809523809537
-2613.3809523809537
-2599.158730158731
-2610.158730158731
-2621.158730158731
-2632.158730158731
-2643.158730158731
-2654.158730158731
-2665.158730158731
-2676.158730158731
-2687.158730158731
-2698.158730158731
-2709.158730158731
-2720.158730158731
-2731.158730158731
-2742.158730158731
-2753.158730158731
-2706.158730158731
-2717.158730158731
-2618.158730158731
-2629.158730158731
-2640.158730158731
-2651.158730158731
-2662.158730158731
-2673.158730158731
-2684.158730158731
-2695.158730158731
-2596.158730158731
-2607.158730158731
-2618.158730158731
-2629.158730158731
-2640.158730158731
-2651.158730158731
-2662.158730158731
-2615.158730158731
-2626.158730158731
-2637.158730158731
-2648.158730158731
-2659.158730158731
-2670.158730158731
-2659.158730158731
-2670.158730158731
-2681.158730158731
-2692.158730158731
-2703.158730158731
-2714.158730158731
-2725.158730158731
-2736.158730158731
-2747.158730158731
-2758.158730158731
-2769.158730158731
-2780.158730158731
-2791.158730158731
-2802.158730158731
-2813.158730158731
-2824.158730158731
-2835.158730158731
-2770.492063492064
-2781.492063492064
-2792.492063492064
-2803.492063492064
-2814.492063492064
-2825.492063492064
-2836.492063492064
-2822.2698412698414
-2833.2698412698414
-2844.2698412698414
-2855.2698412698414
-2866.2698412698414
-2877.2698412698414
-2888.2698412698414
-2899.2698412698414
-2876.698412698413
-2887.698412698413
-2898.698412698413
-2909.698412698413
-2920.698412698413
-2931.698412698413
-2942.698412698413
-2953.698412698413
-2964.698412698413
-2975.698412698413
-2986.698412698413
-2997.698412698413
-2979.698412698413
-2990.698412698413
-2979.698412698413
-2990.698412698413
-3001.698412698413
-3012.698412698413
-3023.698412698413
-3034.698412698413
-3045.698412698413
-3056.698412698413
-3067.698412698413
-3078.698412698413
-3089.698412698413
-3100.698412698413
-3111.698412698413
-3122.698412698413
-3133.698412698413
-3115.698412698413
-3126.698412698413
-3137.698412698413
-3148.698412698413
-3049.698412698413
-3060.698412698413
-3071.698412698413
-3082.698412698413
-3093.698412698413
-3104.698412698413
-3115.698412698413
-3126.698412698413
-3137.698412698413
-3148.698412698413
-3159.698412698413
-3170.698412698413
-3181.698412698413
-3192.698412698413
-3093.698412698413
-3104.698412698413
-3115.698412698413
-3126.698412698413
-3137.698412698413
-3148.698412698413
-3159.698412698413
-3170.698412698413
-3142.36507936508
-3153.36507936508
-3164.36507936508
-3175.36507936508
-3186.36507936508
-3197.36507936508
-3208.36507936508
-3219.36507936508
-3230.36507936508
-3241.36507936508
-3252.36507936508
-3263.36507936508
-3274.36507936508
-3209.698412698413
-3220.698412698413
-3231.698412698413
-3242.698412698413
-3253.698412698413
-3264.698412698413
-3275.698412698413
-3286.698412698413
-3297.698412698413
-3308.698412698413
-3319.698412698413
-3330.698412698413
-3316.4761904761904
-3327.4761904761904
-3313.2539682539677
-3324.2539682539677
-3335.2539682539677
-3346.2539682539677
-3357.2539682539677
-3368.2539682539677
-3379.2539682539677
-3390.2539682539677
-3372.2539682539677
-3383.2539682539677
-3394.2539682539677
-3405.2539682539677
-3416.2539682539677
-3427.2539682539677
-3404.6825396825393
-3415.6825396825393
-3426.6825396825393
-3404.111111111111
-3357.111111111111
-3368.111111111111
-3379.111111111111
-3390.111111111111
-3401.111111111111
-3412.111111111111
-3423.111111111111
-3387.111111111111
-3398.111111111111
-3409.111111111111
-3420.111111111111
-3373.111111111111
-3384.111111111111
-3337.111111111111
-3348.111111111111
-3359.111111111111
-3370.111111111111
-3381.111111111111
-3392.111111111111
-3403.111111111111
-3414.111111111111
-3425.111111111111
-3436.111111111111
-3447.111111111111
-3458.111111111111
-3469.111111111111
-3480.111111111111
-3491.111111111111
-3502.111111111111
-3513.111111111111
-3524.111111111111
-3535.111111111111
-3546.111111111111
-3557.111111111111
-3568.111111111111
-3579.111111111111
-3590.111111111111
-3601.111111111111
-3612.111111111111
-3623.111111111111
-3634.111111111111
-3645.111111111111
-3656.111111111111
-3667.111111111111
-3678.111111111111
-3689.111111111111
-3700.111111111111
-3682.111111111111
-3693.111111111111
-3704.111111111111
-3657.111111111111
-3668.111111111111
-3679.111111111111
-3690.111111111111
-3701.111111111111
-3712.111111111111
-3723.111111111111
-3734.111111111111
-3745.111111111111
-3722.5396825396824
-3675.5396825396824
-3686.5396825396824
-3697.5396825396824
-3708.5396825396824
