-11
-22
-33
-44
-55
-66
-77
-88
-99
-34.33333333333332
-45.33333333333332
-56.33333333333332
-67.33333333333331
-78.33333333333331
-13.666666666666643
-24.666666666666643
74.33333333333336
63.33333333333336
52.33333333333336
41.33333333333336
30.333333333333357
19.333333333333357
8.333333333333357
-2.666666666666643
-13.666666666666643
-24.666666666666643
-35.66666666666664
-46.66666666666664
-57.66666666666664
-68.66666666666664
-79.66666666666664
-90.66666666666664
-101.66666666666664
-112.66666666666664
-123.66666666666664
-134.66666666666663
-145.66666666666663
-156.66666666666663
-167.66666666666663
-178.66666666666663
-189.66666666666663
-200.66666666666663
-211.66666666666663
-222.66666666666663
-233.66666666666663
-219.4444444444444
-230.4444444444444
-241.4444444444444
-252.4444444444444
-263.4444444444444
-274.4444444444444
-285.4444444444444
-296.4444444444444
-307.4444444444444
-318.4444444444444
-219.4444444444444
-230.4444444444444
-241.4444444444444
-252.4444444444444
-263.4444444444444
-274.4444444444444
-263.4444444444444
-274.4444444444444
-285.4444444444444
-296.4444444444444
-307.4444444444444
-318.4444444444444
-329.4444444444444
-318.4444444444444
-329.4444444444444
-340.4444444444444
-351.4444444444444
-362.4444444444444
-373.4444444444444
-384.4444444444444
-395.4444444444444
-348.4444444444444
-359.4444444444444
-370.4444444444444
-381.4444444444444
-392.4444444444444
-403.4444444444444
-414.4444444444444
-315.4444444444444
-326.4444444444444
-337.4444444444444
-348.4444444444444
-359.4444444444444
-370.4444444444444
-381.4444444444444
-392.4444444444444
-403.4444444444444
-414.4444444444444
-425.4444444444444
-436.4444444444444
-447.4444444444444
-458.4444444444444
-469.4444444444444
-480.4444444444444
-491.4444444444444
-502.4444444444444
-513.4444444444443
-524.4444444444443
-535.4444444444443
-546.4444444444443
-557.4444444444443
-568.4444444444443
-579.4444444444443
-590.4444444444443
-601.4444444444443
-612.4444444444443
-513.4444444444443
-524.4444444444443
-535.4444444444443
-546.4444444444443
-557.4444444444443
-568.4444444444443
-579.4444444444443
-590.4444444444443
-601.4444444444443
-612.4444444444443
-623.4444444444443
-634.4444444444443
-645.4444444444443
-656.4444444444443
-667.4444444444443
-678.4444444444443
-689.4444444444443
-700.4444444444443
-711.4444444444443
-722.4444444444443
-733.4444444444443
-744.4444444444443
-697.4444444444443
-708.4444444444443
-719.4444444444443
-730.4444444444443
-741.4444444444443
-752.4444444444443
-763.4444444444443
-745.4444444444443
-756.4444444444443
-767.4444444444443
-778.4444444444443
-789.4444444444443
-800.4444444444443
-811.4444444444443
-822.4444444444443
-833.4444444444443
-844.4444444444443
-855.4444444444443
-866.4444444444443
-877.4444444444443
-888.4444444444443
-899.4444444444443
-910.4444444444443
-921.4444444444443
-932.4444444444443
-943.4444444444443
-954.4444444444443
-965.4444444444443
-976.4444444444443
-987.4444444444443
-998.4444444444443
-1009.4444444444443
-1020.4444444444443
-1031.4444444444443
-1042.4444444444443
-1053.4444444444443
-1064.4444444444443
-1075.4444444444443
-1086.4444444444443
-1097.4444444444443
-1108.4444444444443
-1119.4444444444443
-1130.4444444444443
-1141.4444444444443
-1152.4444444444443
-1163.4444444444443
-1174.4444444444443
-1185.4444444444443
-1196.4444444444443
-1207.4444444444443
-1218.4444444444443
-1204.2222222222222
-1215.2222222222222
-1226.2222222222222
-1237.2222222222222
-1248.2222222222222
-1259.2222222222222
-1270.2222222222222
-1171.2222222222222
-1182.2222222222222
-1193.2222222222222
-1164.8888888888887
-1175.8888888888887
-1186.8888888888887
-1197.8888888888887
-1208.8888888888887
-1219.8888888888887
-1230.8888888888887
-1241.8888888888887
-1252.8888888888887
-1263.8888888888887
-1274.8888888888887
-1285.8888888888887
-1296.8888888888887
-1307.8888888888887
-1318.8888888888887
-1296.3174603174602
-1307.3174603174602
-1318.3174603174602
-1329.3174603174602
-1340.3174603174602
-1351.3174603174602
-1362.3174603174602
-1373.3174603174602
-1384.3174603174602
-1337.3174603174602
-1348.3174603174602
-1359.3174603174602
-1330.9841269841268
-1341.9841269841268
-1305.9841269841268
-1316.9841269841268
-1327.9841269841268
-1338.9841269841268
-1310.6507936507933
-1321.6507936507933
-1332.6507936507933
-1314.6507936507933
-1325.6507936507933
-1336.6507936507933
-1347.6507936507933
-1329.6507936507933
-1293.6507936507933
-1275.6507936507933
-1286.6507936507933
-1297.6507936507933
-1308.6507936507933
-1319.6507936507933
-1330.6507936507933
-1341.6507936507933
-1352.6507936507933
-1363.6507936507933
-1374.6507936507933
-1385.6507936507933
-1396.6507936507933
-1407.6507936507933
-1308.6507936507933
-1297.6507936507933
-1308.6507936507933
-1319.6507936507933
-1330.6507936507933
-1341.6507936507933
-1352.6507936507933
-1363.6507936507933
-1374.6507936507933
-1385.6507936507933
-1396.6507936507933
-1407.6507936507933
-1418.6507936507933
-1429.6507936507933
-1440.6507936507933
-1451.6507936507933
-1462.6507936507933
-1473.6507936507933
-1484.6507936507933
-1466.6507936507933
-1477.6507936507933
-1488.6507936507933
-1499.6507936507933
-1510.6507936507933
-1474.6507936507933
-1452.0793650793648
-1463.0793650793648
-1474.0793650793648
-1485.0793650793648
-1386.0793650793648
-1397.0793650793648
-1408.0793650793648
-1309.0793650793648
-1320.0793650793648
-1331.0793650793648
-1342.0793650793648
-1353.0793650793648
-1364.0793650793648
-1375.0793650793648
-1386.0793650793648
-1397.0793650793648
-1408.0793650793648
-1419.0793650793648
-1430.0793650793648
-1441.0793650793648
-1452.0793650793648
-1463.0793650793648
-1452.0793650793648
-1463.0793650793648
-1474.0793650793648
-1485.0793650793648
-1496.0793650793648
-1507.0793650793648
-1518.0793650793648
-1529.0793650793648
-1540.0793650793648
-1551.0793650793648
-1562.0793650793648
-1573.0793650793648
-1584.0793650793648
-1595.0793650793648
-1606.0793650793648
-1617.0793650793648
-1628.0793650793648
-1639.0793650793648
-1650.0793650793648
-1661.0793650793648
-1672.0793650793648
-1683.0793650793648
-1694.0793650793648
-1705.0793650793648
-1676.7460317460313
-1687.7460317460313
-1698.7460317460313
-1709.7460317460313
-1673.7460317460313
-1655.7460317460313
-1666.7460317460313
-1677.7460317460313
-1688.7460317460313
-1699.7460317460313
-1710.7460317460313
-1721.7460317460313
-1732.7460317460313
-1743.7460317460313
-1754.7460317460313
-1655.7460317460313
-1666.7460317460313
-1677.7460317460313
-1688.7460317460313
-1699.7460317460313
-1710.7460317460313
-1721.7460317460313
-1732.7460317460313
-1743.7460317460313
-1725.7460317460313
-1736.7460317460313
-1747.7460317460313
-1758.7460317460313
-1769.7460317460313
-1780.7460317460313
-1791.7460317460313
-1744.7460317460313
-1755.7460317460313
-1766.7460317460313
-1748.7460317460313
-1759.7460317460313
-1770.7460317460313
-1781.7460317460313
-1792.7460317460313
-1803.7460317460313
-1814.7460317460313
-1825.7460317460313
-1836.7460317460313
-1847.7460317460313
-1858.7460317460313
-1869.7460317460313
-1880.7460317460313
-1891.7460317460313
-1855.7460317460313
-1866.7460317460313
-1877.7460317460313
-1888.7460317460313
-1899.7460317460313
-1910.7460317460313
-1921.7460317460313
-1932.7460317460313
-1943.7460317460313
-1954.7460317460313
-1965.7460317460313
-1976.7460317460313
-1948.4126984126979
-1849.4126984126979
-1860.4126984126979
-1871.4126984126979
-1882.4126984126979
-1893.4126984126979
-1904.4126984126979
-1915.4126984126979
-1926.4126984126979
-1937.4126984126979
-1948.4126984126979
-1959.4126984126979
-1970.4126984126979
-1981.4126984126979
-1992.4126984126979
-2003.4126984126979
-2014.4126984126979
-2025.4126984126979
-2036.4126984126979
-2047.4126984126979
-2058.412698412698
-2069.412698412698
-2080.412698412698
-2091.412698412698
-2063.079365079365
-2074.079365079365
-2085.079365079365
-2096.079365079365
-2107.079365079365
-2118.079365079365
-2129.079365079365
-2140.079365079365
-2151.079365079365
-2162.079365079365
-2173.079365079365
-2184.079365079365
-2195.079365079365
-2206.079365079365
-2217.079365079365
-2228.079365079365
-2239.079365079365
-2250.079365079365
-2261.079365079365
-2272.079365079365
-2283.079365079365
-2294.079365079365
-2305.079365079365
-2316.079365079365
-2327.079365079365
-2338.079365079365
-2349.079365079365
-2360.079365079365
-2371.079365079365
-2382.079365079365
-2393.079365079365
-2404.079365079365
-2386.079365079365
-2397.079365079365
-2408.079365079365
-2419.079365079365
-2430.079365079365
-2441.079365079365
-2452.079365079365
-2463.079365079365
-2474.079365079365
-2485.079365079365
-2496.079365079365
-2507.079365079365
-2518.079365079365
-2529.079365079365
-2540.079365079365
-2551.079365079365
-2562.079365079365
-2573.079365079365
-2584.079365079365
-2595.079365079365
-2606.079365079365
-2617.079365079365
-2628.079365079365
-2639.079365079365
-2650.079365079365
-2661.079365079365
-2672.079365079365
-2683.079365079365
-2694.079365079365
-2705.079365079365
-2716.079365079365
-2727.079365079365
-2738.079365079365
-2749.079365079365
-2760.079365079365
-2771.079365079365
-2782.079365079365
-2793.079365079365
-2804.079365079365
-2815.079365079365
-2826.079365079365
-2837.079365079365
-2848.079365079365
-2859.079365079365
-2870.079365079365
-2852.079365079365
-2863.079365079365
-2874.079365079365
-2856.079365079365
-2867.079365079365
-2878.079365079365
-2889.079365079365
-2900.079365079365
-2911.079365079365
-2922.079365079365
-2933.079365079365
-2944.079365079365
-2955.079365079365
-2966.079365079365
-2867.079365079365
-2878.079365079365
-2889.079365079365
-2900.079365079365
-2911.079365079365
-2922.079365079365
-2933.079365079365
-2944.079365079365
-2955.079365079365
-2966.079365079365
-2943.5079365079364
-2954.5079365079364
-2965.5079365079364
-2976.5079365079364
-2987.5079365079364
-2998.5079365079364
-3009.5079365079364
-3020.5079365079364
-3031.5079365079364
-3042.5079365079364
-3031.5079365079364
-3042.5079365079364
-3053.5079365079364
-3064.5079365079364
-3075.5079365079364
-3086.5079365079364
-3063.936507936508
-3074.936507936508
-3085.936507936508
-3096.936507936508
-3107.936507936508
-3118.936507936508
-3129.936507936508
-3140.936507936508
-3151.936507936508
-3162.936507936508
-3173.936507936508
-3184.936507936508
-3195.936507936508
-3206.936507936508
-3217.936507936508
-3228.936507936508
-3239.936507936508
-3211.603174603175
-3222.603174603175
-3200.0317460317465
-3211.0317460317465
-3222.0317460317465
-3233.0317460317465
-3244.0317460317465
-3255.0317460317465
-3266.0317460317465
-3277.0317460317465
-3288.0317460317465
-3299.0317460317465
-3310.0317460317465
-3321.0317460317465
-3332.0317460317465
-3343.0317460317465
-3354.0317460317465
-3365.0317460317465
-3376.0317460317465
-3387.0317460317465
-3398.0317460317465
-3409.0317460317465
-3420.0317460317465
-3431.0317460317465
-3442.0317460317465
-3427.809523809524
-3438.809523809524
-3449.809523809524
-3460.809523809524
-3471.809523809524
-3482.809523809524
-3493.809523809524
-3504.809523809524
-3515.809523809524
-3526.809523809524
-3537.809523809524
-3548.809523809524
-3559.809523809524
-3570.809523809524
-3581.809523809524
-3592.809523809524
-3603.809523809524
-3614.809523809524
-3625.809523809524
-3636.809523809524
-3618.809523809524
-3629.809523809524
-3601.476190476191
-3612.476190476191
-3623.476190476191
-3634.476190476191
-3645.476190476191
-3656.476190476191
-3667.476190476191
-3678.476190476191
-3689.476190476191
-3700.476190476191
-3711.476190476191
-3722.476190476191
-3733.476190476191
-3744.476190476191
-3755.476190476191
-3766.476190476191
-3777.476190476191
-3788.476190476191
-3799.476190476191
-3785.253968253968
-3796.253968253968
-3807.253968253968
-3771.253968253968
-3782.253968253968
-3759.6825396825398
-3770.6825396825398
-3781.6825396825398
-3763.6825396825398
-3774.6825396825398
-3785.6825396825398
-3796.6825396825398
-3749.6825396825398
-3760.6825396825398
-3696.015873015873
-3707.015873015873
-3718.015873015873
-3729.015873015873
-3740.015873015873
-3751.015873015873
-3762.015873015873
-3739.4444444444443
-3750.4444444444443
-3761.4444444444443
-3738.873015873016
-3720.873015873016
-3731.873015873016
-3742.873015873016
-3753.873015873016
-3764.873015873016
-3775.873015873016
-3786.873015873016
-3797.873015873016
-3808.873015873016
-3819.873015873016
-3830.873015873016
-3841.873015873016
-3852.873015873016
-3834.873015873016
-3845.873015873016
-3856.873015873016
-3845.873015873016
-3856.873015873016
-3867.873015873016
-3878.873015873016
-3889.873015873016
-3900.873015873016
-3911.873015873016
-3922.873015873016
-3933.873015873016
-3944.873015873016
-3955.873015873016
-3966.873015873016
-3919.873015873016
-3930.873015873016
-3941.873015873016
-3952.873015873016
-3963.873015873016
-3974.873015873016
-3985.873015873016
-3974.873015873016
-3985.873015873016
-3921.206349206349
-3932.206349206349
-3943.206349206349
-3954.206349206349
-3965.206349206349
-3976.206349206349
-3987.206349206349
-3998.206349206349
-4009.206349206349
-4020.206349206349
-4031.206349206349
-4042.206349206349
-4053.206349206349
-4064.206349206349
-4075.206349206349
-4086.206349206349
-4097.206349206349
-4108.206349206349
-4043.539682539682
-4054.539682539682
-4065.539682539682
-4076.539682539682
-4053.9682539682535
-4064.9682539682535
-4075.9682539682535
