-11
-22
-33
-44
-55
-66
-77
-88
-99
-110
-121
-132
-143
-154
-165
-176
-187
-198
-209
-220
-231
-242
-253
-264
-275
-286
-297
-308
-319
-330
-341
-352
-363
-374
-385
-396
-407
-360.0
-371.0
-382.0
-393.0
-404.0
-415.0
-426.0
-437.0
-448.0
-459.0
-470.0
-481.0
-492.0
-503.0
-514.0
-525.0
-536.0
-547.0
-482.3333333333333
-493.3333333333333
-504.3333333333333
-515.3333333333333
-526.3333333333333
-537.3333333333333
-548.3333333333333
-559.3333333333333
-570.3333333333333
-581.3333333333333
-592.3333333333333
-578.1111111111111
-589.1111111111111
-600.1111111111111
-611.1111111111111
-622.1111111111111
-633.1111111111111
-644.1111111111111
-655.1111111111111
-666.1111111111111
-677.1111111111111
-688.1111111111111
-699.1111111111111
-710.1111111111111
-721.1111111111111
-732.1111111111111
-743.1111111111111
-754.1111111111111
-765.1111111111111
-700.4444444444443
-711.4444444444443
-722.4444444444443
-733.4444444444443
-744.4444444444443
-755.4444444444443
-766.4444444444443
-777.4444444444443
-763.2222222222222
-774.2222222222222
-785.2222222222222
-796.2222222222222
-807.2222222222222
-818.2222222222222
-829.2222222222222
-840.2222222222222
-851.2222222222222
-862.2222222222222
-873.2222222222222
-884.2222222222222
-895.2222222222222
-906.2222222222222
-807.2222222222222
-818.2222222222222
-807.2222222222222
-818.2222222222222
-829.2222222222222
-840.2222222222222
-851.2222222222222
-862.2222222222222
-826.2222222222222
-837.2222222222222
-848.2222222222222
-859.2222222222222
-836.6507936507935
-847.6507936507935
-858.6507936507935
-869.6507936507935
-880.6507936507935
-891.6507936507935
-902.6507936507935
-913.6507936507935
-924.6507936507935
-935.6507936507935
-946.6507936507935
-957.6507936507935
-968.6507936507935
-979.6507936507935
-990.6507936507935
-1001.6507936507935
-1012.6507936507935
-1023.6507936507935
-1034.6507936507935
-1045.6507936507935
-1056.6507936507935
-1045.6507936507935
-1056.6507936507935
-1067.6507936507935
-1078.6507936507935
-1089.6507936507935
-1100.6507936507935
-1111.6507936507935
-1122.6507936507935
-1133.6507936507935
-1144.6507936507935
-1155.6507936507935
-1166.6507936507935
-1177.6507936507935
-1163.4285714285713
-1174.4285714285713
-1185.4285714285713
-1196.4285714285713
-1207.4285714285713
-1218.4285714285713
-1229.4285714285713
-1240.4285714285713
-1251.4285714285713
-1262.4285714285713
-1273.4285714285713
-1284.4285714285713
-1295.4285714285713
-1306.4285714285713
-1317.4285714285713
-1328.4285714285713
-1339.4285714285713
-1350.4285714285713
-1361.4285714285713
-1372.4285714285713
-1383.4285714285713
-1394.4285714285713
-1405.4285714285713
-1416.4285714285713
-1427.4285714285713
-1438.4285714285713
-1449.4285714285713
-1384.7619047619048
-1395.7619047619048
-1406.7619047619048
-1378.4285714285713
-1389.4285714285713
-1400.4285714285713
-1411.4285714285713
-1422.4285714285713
-1433.4285714285713
-1444.4285714285713
-1455.4285714285713
-1466.4285714285713
-1477.4285714285713
-1488.4285714285713
-1499.4285714285713
-1510.4285714285713
-1521.4285714285713
-1532.4285714285713
-1543.4285714285713
-1554.4285714285713
-1565.4285714285713
-1576.4285714285713
-1587.4285714285713
-1598.4285714285713
-1609.4285714285713
-1620.4285714285713
-1631.4285714285713
-1595.4285714285713
-1530.7619047619048
-1541.7619047619048
-1527.5396825396826
-1538.5396825396826
-1549.5396825396826
-1560.5396825396826
-1571.5396825396826
-1582.5396825396826
-1593.5396825396826
-1604.5396825396826
-1615.5396825396826
-1626.5396825396826
-1637.5396825396826
-1538.5396825396826
-1549.5396825396826
-1535.3174603174605
-1546.3174603174605
-1557.3174603174605
-1568.3174603174605
-1579.3174603174605
-1590.3174603174605
-1525.650793650794
-1536.650793650794
-1547.650793650794
-1558.650793650794
-1569.650793650794
-1580.650793650794
-1591.650793650794
-1602.650793650794
-1613.650793650794
-1624.650793650794
-1635.650793650794
-1646.650793650794
-1657.650793650794
-1668.650793650794
-1679.650793650794
-1690.650793650794
-1701.650793650794
-1712.650793650794
-1723.650793650794
-1734.650793650794
-1745.650793650794
-1756.650793650794
-1767.650793650794
-1778.650793650794
-1789.650793650794
-1800.650793650794
-1701.650793650794
-1712.650793650794
-1723.650793650794
-1734.650793650794
-1745.650793650794
-1756.650793650794
-1767.650793650794
-1778.650793650794
-1789.650793650794
-1800.650793650794
-1811.650793650794
-1822.650793650794
-1833.650793650794
-1844.650793650794
-1855.650793650794
-1866.650793650794
-1877.650793650794
-1888.650793650794
-1899.650793650794
-1910.650793650794
-1921.650793650794
-1856.9841269841274
-1867.9841269841274
-1878.9841269841274
-1889.9841269841274
-1900.9841269841274
-1911.9841269841274
-1922.9841269841274
-1886.9841269841274
-1897.9841269841274
-1908.9841269841274
-1919.9841269841274
-1901.9841269841274
-1912.9841269841274
-1923.9841269841274
-1934.9841269841274
-1945.9841269841274
-1956.9841269841274
-1967.9841269841274
-1903.317460317461
-1914.317460317461
-1925.317460317461
-1936.317460317461
-1900.317460317461
-1911.317460317461
-1922.317460317461
-1933.317460317461
-1944.317460317461
-1955.317460317461
-1941.0952380952388
-1952.0952380952388
-1963.0952380952388
-1974.0952380952388
-1985.0952380952388
-1996.0952380952388
-2007.0952380952388
-1992.8730158730166
-2003.8730158730166
-2014.8730158730166
-2025.8730158730166
-2036.8730158730166
-2047.8730158730166
-1983.2063492063503
-1994.2063492063503
-2005.2063492063503
-2016.2063492063503
-2027.2063492063503
-2038.2063492063503
-2049.2063492063503
-2060.2063492063503
-2071.2063492063503
-2082.2063492063503
-2093.2063492063503
-2104.2063492063503
-2039.5396825396836
-2050.539682539684
-1951.5396825396838
-1962.5396825396838
-1973.5396825396838
-1984.5396825396838
-1995.5396825396838
-2006.5396825396838
-2017.5396825396838
-2028.5396825396838
-2039.5396825396838
-2050.539682539684
-2061.539682539684
-2072.539682539684
-2083.539682539684
-2094.539682539684
-2105.539682539684
-2116.539682539684
-2127.539682539684
-2116.539682539684
-2051.873015873017
-2004.8730158730168
-2015.8730158730168
-2026.8730158730168
-2037.8730158730168
-2048.873015873017
-1949.8730158730168
-1960.8730158730168
-1971.8730158730168
-1982.8730158730168
-1993.8730158730168
-2004.8730158730168
-2015.8730158730168
-2026.8730158730168
-2037.8730158730168
-2026.8730158730168
-2008.8730158730168
-2019.8730158730168
-2030.8730158730168
-2041.8730158730168
-2052.873015873017
-2063.873015873017
-2074.873015873017
-2085.873015873017
-2096.873015873017
-2107.873015873017
-2118.873015873017
-2019.8730158730168
-1920.8730158730168
-1931.8730158730168
-1942.8730158730168
-1953.8730158730168
-1964.8730158730168
-1942.3015873015884
-1953.3015873015884
-1964.3015873015884
-1975.3015873015884
-1910.6349206349219
-1921.6349206349219
-1932.6349206349219
-1921.6349206349219
-1932.6349206349219
-1921.6349206349219
-1932.6349206349219
-1943.6349206349219
-1954.6349206349219
-1932.0634920634934
-1943.0634920634934
-1954.0634920634934
-1965.0634920634934
-1976.0634920634934
-1987.0634920634934
-1998.0634920634934
-1983.8412698412712
-1994.8412698412712
-2005.8412698412712
-2016.8412698412712
-1917.8412698412712
-1928.8412698412712
-1939.8412698412712
-1950.8412698412712
-1961.8412698412712
-1972.8412698412712
-1983.8412698412712
-1955.5079365079378
-1966.5079365079378
-1867.5079365079378
-1878.5079365079378
-1889.5079365079378
-1900.5079365079378
-1911.5079365079378
-1922.5079365079378
-1933.5079365079378
-1944.5079365079378
-1955.5079365079378
-1966.5079365079378
-1977.5079365079378
-1988.5079365079378
-1999.5079365079378
-2010.5079365079378
-2021.5079365079378
-2032.5079365079378
-2043.5079365079378
-2054.5079365079378
-2065.5079365079378
-2076.5079365079378
-2087.5079365079378
-1988.5079365079378
-1999.5079365079378
-2010.5079365079378
-2021.5079365079378
-2032.5079365079378
-2043.5079365079378
-2054.5079365079378
-2031.9365079365093
-2042.9365079365093
-2053.9365079365093
-2064.9365079365093
-2075.9365079365093
-2086.9365079365093
-2097.9365079365093
-2108.9365079365093
-2119.9365079365093
-2055.2698412698423
-2066.2698412698423
-2077.2698412698423
-2088.2698412698423
-2099.2698412698423
-2110.2698412698423
-2121.2698412698423
-2103.2698412698423
-2114.2698412698423
-2125.2698412698423
-2136.2698412698423
-2147.2698412698423
-2158.2698412698423
-2169.2698412698423
-2070.2698412698423
-2081.2698412698423
-2092.2698412698423
-2103.2698412698423
-2114.2698412698423
-2125.2698412698423
-2136.2698412698423
-2147.2698412698423
-2158.2698412698423
-2169.2698412698423
-2180.2698412698423
-2191.2698412698423
-2202.2698412698423
-2213.2698412698423
-2224.2698412698423
-2235.2698412698423
-2246.2698412698423
-2257.2698412698423
-2268.2698412698423
-2279.2698412698423
-2290.2698412698423
-2301.2698412698423
-2312.2698412698423
-2323.2698412698423
-2334.2698412698423
-2311.698412698414
-2322.698412698414
-2333.698412698414
-2344.698412698414
-2355.698412698414
-2366.698412698414
-2377.698412698414
-2388.698412698414
-2399.698412698414
-2410.698412698414
-2363.698412698414
-2374.698412698414
-2385.698412698414
-2396.698412698414
-2407.698412698414
-2418.698412698414
-2429.698412698414
-2330.698412698414
-2341.698412698414
-2352.698412698414
-2363.698412698414
-2327.698412698414
-2338.698412698414
-2349.698412698414
-2360.698412698414
-2371.698412698414
-2382.698412698414
-2393.698412698414
-2404.698412698414
-2415.698412698414
-2426.698412698414
-2437.698412698414
-2423.4761904761913
-2434.4761904761913
-2423.4761904761913
-2434.4761904761913
-2445.4761904761913
-2456.4761904761913
-2467.4761904761913
-2478.4761904761913
-2489.4761904761913
-2500.4761904761913
-2511.4761904761913
-2522.4761904761913
-2533.4761904761913
-2544.4761904761913
-2555.4761904761913
-2566.4761904761913
-2543.904761904763
-2554.904761904763
-2565.904761904763
-2576.904761904763
-2587.904761904763
-2598.904761904763
-2609.904761904763
-2620.904761904763
-2631.904761904763
-2642.904761904763
-2653.904761904763
-2664.904761904763
-2675.904761904763
-2686.904761904763
-2664.3333333333344
-2599.6666666666674
-2610.6666666666674
-2621.6666666666674
-2632.6666666666674
-2643.6666666666674
-2621.095238095239
-2632.095238095239
-2643.095238095239
-2607.095238095239
-2618.095238095239
-2629.095238095239
-2640.095238095239
-2651.095238095239
-2662.095238095239
-2673.095238095239
-2684.095238095239
-2695.095238095239
-2706.095238095239
-2717.095238095239
-2728.095238095239
-2739.095238095239
-2750.095238095239
-2761.095238095239
-2772.095238095239
-2783.095238095239
-2794.095238095239
-2805.095238095239
-2816.095238095239
-2787.761904761906
-2798.761904761906
-2809.761904761906
-2820.761904761906
-2831.761904761906
-2842.761904761906
-2853.761904761906
-2864.761904761906
-2875.761904761906
-2886.761904761906
-2897.761904761906
-2908.761904761906
-2919.761904761906
-2930.761904761906
-2941.761904761906
-2952.761904761906
-2963.761904761906
-2974.761904761906
-2946.428571428573
-2957.428571428573
-2968.428571428573
-2979.428571428573
-2990.428571428573
-3001.428571428573
-3012.428571428573
-3023.428571428573
-3034.428571428573
-3045.428571428573
-3056.428571428573
-3067.428571428573
-3078.428571428573
-3089.428571428573
-3100.428571428573
-3064.428571428573
-3075.428571428573
-3086.428571428573
-3097.428571428573
-3108.428571428573
-3119.428571428573
-3130.428571428573
-3031.428571428573
-3042.428571428573
-3053.428571428573
-3064.428571428573
-3075.428571428573
-3064.428571428573
-3075.428571428573
-3086.428571428573
-3097.428571428573
-3050.428571428573
-3027.8571428571445
-3038.8571428571445
-3049.8571428571445
-3060.8571428571445
-3071.8571428571445
-3082.8571428571445
-3093.8571428571445
-3046.8571428571445
-3057.8571428571445
-3068.8571428571445
-3079.8571428571445
-3090.8571428571445
-3101.8571428571445
-3112.8571428571445
-3084.5238095238115
-3095.5238095238115
-3106.5238095238115
-3117.5238095238115
-3128.5238095238115
-3139.5238095238115
-3150.5238095238115
-3161.5238095238115
-3172.5238095238115
-3183.5238095238115
-3194.5238095238115
-3205.5238095238115
-3216.5238095238115
-3227.5238095238115
-3238.5238095238115
-3249.5238095238115
-3150.5238095238115
-3127.952380952383
-3116.952380952383
-3094.3809523809546
-2995.3809523809546
-3006.3809523809546
-3017.3809523809546
-2918.3809523809546
-2929.3809523809546
-2940.3809523809546
-2951.3809523809546
-2886.7142857142876
-2897.7142857142876
-2908.7142857142876
-2919.7142857142876
-2930.7142857142876
-2883.7142857142876
-2894.7142857142876
-2905.7142857142876
-2916.7142857142876
-2927.7142857142876
-2938.7142857142876
-2949.7142857142876
-2960.7142857142876
-2971.7142857142876
-2982.7142857142876
-2993.7142857142876
-3004.7142857142876
-3015.7142857142876
-3026.7142857142876
-3037.7142857142876
-3048.7142857142876
-3012.7142857142876
-3023.7142857142876
-3034.7142857142876
-3045.7142857142876
-3056.7142857142876
-3067.7142857142876
