-11
-22
-33
-44
-55
-66
-77
-88
-99
-110
-121
-132
-143
-154
-165
-176
-187
-198
-209
-220
-231
-242
-253
-264
-275
-286
-297
-282.7777777777778
-293.7777777777778
-304.7777777777778
-315.7777777777778
-326.7777777777778
-337.7777777777778
-323.55555555555566
-334.55555555555566
-345.55555555555566
-356.55555555555566
-367.55555555555566
-378.55555555555566
-389.55555555555566
-371.55555555555566
-357.3333333333335
-368.3333333333335
-379.3333333333335
-390.3333333333335
-401.3333333333335
-412.3333333333335
-365.3333333333335
-376.3333333333335
-387.3333333333335
-398.3333333333335
-409.3333333333335
-420.3333333333335
-431.3333333333335
-442.3333333333335
-453.3333333333335
-464.3333333333335
-475.3333333333335
-486.3333333333335
-497.3333333333335
-508.3333333333335
-480.0000000000001
-491.0000000000001
-502.0000000000001
-513.0000000000001
-524.0000000000001
-535.0000000000001
-546.0000000000001
-557.0000000000001
-568.0000000000001
-579.0000000000001
-590.0000000000001
-601.0000000000001
-612.0000000000001
-583.6666666666669
-594.6666666666669
-605.6666666666669
-616.6666666666669
-627.6666666666669
-638.6666666666669
-649.6666666666669
-660.6666666666669
-671.6666666666669
-682.6666666666669
-693.6666666666669
-704.6666666666669
-715.6666666666669
-726.6666666666669
-737.6666666666669
-726.6666666666669
-737.6666666666669
-748.6666666666669
-759.6666666666669
-770.6666666666669
-781.6666666666669
-792.6666666666669
-803.6666666666669
-814.6666666666669
-825.6666666666669
-836.6666666666669
-847.6666666666669
-858.6666666666669
-869.6666666666669
-880.6666666666669
-891.6666666666669
-902.6666666666669
-913.6666666666669
-924.6666666666669
-935.6666666666669
-946.6666666666669
-847.6666666666669
-858.6666666666669
-869.6666666666669
-880.6666666666669
-833.6666666666669
-844.6666666666669
-855.6666666666669
-866.6666666666669
-838.3333333333336
-849.3333333333336
-860.3333333333336
-871.3333333333336
-843.0000000000003
-854.0000000000003
-865.0000000000003
-876.0000000000003
-887.0000000000003
-898.0000000000003
-909.0000000000003
-920.0000000000003
-931.0000000000003
-942.0000000000003
-953.0000000000003
-964.0000000000003
-975.0000000000003
-986.0000000000003
-997.0000000000003
-961.0000000000003
-972.0000000000003
-983.0000000000003
-994.0000000000003
-1005.0000000000003
-1016.0000000000003
-1027.0000000000005
-1038.0000000000005
-1049.0000000000005
-1060.0000000000005
-1071.0000000000005
-1082.0000000000005
-1093.0000000000005
-1078.7777777777783
-1089.7777777777783
-1100.7777777777783
-1111.7777777777783
-1122.7777777777783
-1133.7777777777783
-1144.7777777777783
-1155.7777777777783
-1166.7777777777783
-1177.7777777777783
-1188.7777777777783
-1199.7777777777783
-1210.7777777777783
-1221.7777777777783
-1232.7777777777783
-1243.7777777777783
-1207.7777777777783
-1218.7777777777783
-1229.7777777777783
-1240.7777777777783
-1251.7777777777783
-1262.7777777777783
-1273.7777777777783
-1284.7777777777783
-1295.7777777777783
-1306.7777777777783
-1317.7777777777783
-1281.7777777777783
-1292.7777777777783
-1303.7777777777783
-1314.7777777777783
-1325.7777777777783
-1336.7777777777783
-1318.7777777777783
-1329.7777777777783
-1340.7777777777783
-1351.7777777777783
-1362.7777777777783
-1373.7777777777783
-1345.4444444444448
-1356.4444444444448
-1342.2222222222226
-1353.2222222222226
-1364.2222222222226
-1375.2222222222226
-1386.2222222222226
-1397.2222222222226
-1408.2222222222226
-1419.2222222222226
-1430.2222222222226
-1441.2222222222226
-1452.2222222222226
-1463.2222222222226
-1474.2222222222226
-1485.2222222222226
-1496.2222222222226
-1507.2222222222226
-1460.2222222222226
-1471.2222222222226
-1482.2222222222226
-1493.2222222222226
-1504.2222222222226
-1405.2222222222226
-1416.2222222222226
-1427.2222222222226
-1438.2222222222226
-1449.2222222222226
-1460.2222222222226
-1471.2222222222226
-1482.2222222222226
-1493.2222222222226
-1504.2222222222226
-1515.2222222222226
-1526.2222222222226
-1537.2222222222226
-1548.2222222222226
-1559.2222222222226
-1570.2222222222226
-1581.2222222222226
-1592.2222222222226
-1603.2222222222226
-1614.2222222222226
-1625.2222222222226
-1636.2222222222226
-1647.2222222222226
-1658.2222222222226
-1669.2222222222226
-1604.555555555556
-1586.555555555556
-1597.555555555556
-1608.555555555556
-1619.555555555556
-1630.555555555556
-1641.555555555556
-1652.555555555556
-1663.555555555556
-1674.555555555556
-1685.555555555556
-1696.555555555556
-1707.555555555556
-1718.555555555556
-1729.555555555556
-1740.555555555556
-1751.555555555556
-1762.555555555556
-1773.555555555556
-1784.555555555556
-1795.555555555556
-1806.555555555556
-1817.555555555556
-1828.555555555556
-1729.555555555556
-1740.555555555556
-1729.555555555556
-1740.555555555556
-1751.555555555556
-1762.555555555556
-1773.555555555556
-1784.555555555556
-1795.555555555556
-1806.555555555556
-1817.555555555556
-1828.555555555556
-1839.555555555556
-1850.555555555556
-1861.555555555556
-1872.555555555556
-1883.555555555556
-1872.555555555556
-1883.555555555556
-1894.555555555556
-1905.555555555556
-1916.555555555556
-1927.555555555556
-1904.9841269841277
-1915.9841269841277
-1926.9841269841277
-1937.9841269841277
-1948.9841269841277
-1959.9841269841277
-1970.9841269841277
-1981.9841269841277
-1992.9841269841277
-2003.9841269841277
-2014.9841269841277
-2025.9841269841277
-2036.9841269841277
-2047.9841269841277
-2058.9841269841277
-2069.9841269841277
-2080.9841269841277
-2091.9841269841277
-2069.4126984126992
-2080.4126984126992
-2091.4126984126992
-2102.4126984126992
-2113.4126984126992
-2124.4126984126992
-2135.4126984126992
-2146.4126984126992
-2157.4126984126992
-2168.4126984126992
-2179.4126984126992
-2190.4126984126992
-2201.4126984126992
-2212.4126984126992
-2223.4126984126992
-2234.4126984126992
-2245.4126984126992
-2256.4126984126992
-2267.4126984126992
-2220.4126984126992
-2231.4126984126992
-2242.4126984126992
-2253.4126984126992
-2264.4126984126992
-2275.4126984126992
-2286.4126984126992
-2272.1904761904766
-2283.1904761904766
-2294.1904761904766
-2305.1904761904766
-2316.1904761904766
-2327.1904761904766
-2338.1904761904766
-2349.1904761904766
-2250.1904761904766
-2261.1904761904766
-2272.1904761904766
-2283.1904761904766
-2294.1904761904766
-2305.1904761904766
-2290.968253968254
-2301.968253968254
-2312.968253968254
-2323.968253968254
-2334.968253968254
-2320.7460317460313
-2331.7460317460313
-2342.7460317460313
-2353.7460317460313
-2364.7460317460313
-2375.7460317460313
-2386.7460317460313
-2397.7460317460313
-2408.7460317460313
-2419.7460317460313
-2430.7460317460313
-2441.7460317460313
-2452.7460317460313
-2463.7460317460313
-2474.7460317460313
-2485.7460317460313
-2496.7460317460313
-2507.7460317460313
-2518.7460317460313
-2529.7460317460313
-2540.7460317460313
-2551.7460317460313
-2562.7460317460313
-2573.7460317460313
-2584.7460317460313
-2595.7460317460313
-2606.7460317460313
-2617.7460317460313
-2628.7460317460313
-2639.7460317460313
-2650.7460317460313
-2661.7460317460313
-2672.7460317460313
-2683.7460317460313
-2694.7460317460313
-2658.7460317460313
-2669.7460317460313
-2680.7460317460313
-2691.7460317460313
-2702.7460317460313
-2713.7460317460313
-2724.7460317460313
-2735.7460317460313
-2746.7460317460313
-2757.7460317460313
-2768.7460317460313
-2779.7460317460313
-2790.7460317460313
-2801.7460317460313
-2790.7460317460313
-2743.7460317460313
-2754.7460317460313
-2765.7460317460313
-2776.7460317460313
-2762.5238095238087
-2773.5238095238087
-2755.5238095238087
-2766.5238095238087
-2777.5238095238087
-2788.5238095238087
-2799.5238095238087
-2810.5238095238087
-2821.5238095238087
-2832.5238095238087
-2843.5238095238087
-2854.5238095238087
-2865.5238095238087
-2876.5238095238087
-2887.5238095238087
-2898.5238095238087
-2909.5238095238087
-2920.5238095238087
-2931.5238095238087
-2942.5238095238087
-2953.5238095238087
-2964.5238095238087
-2975.5238095238087
-2986.5238095238087
-2997.5238095238087
-2979.5238095238087
-2990.5238095238087
-3001.5238095238087
-3012.5238095238087
-3023.5238095238087
-3034.5238095238087
-3045.5238095238087
-3056.5238095238087
-3067.5238095238087
-3078.5238095238087
-3089.5238095238087
-3100.5238095238087
-3111.5238095238087
-3122.5238095238087
-3099.9523809523803
-3110.9523809523803
-3121.9523809523803
-3085.9523809523803
-3096.9523809523803
-3107.9523809523803
-3118.9523809523803
-3129.9523809523803
-3140.9523809523803
-3151.9523809523803
-3162.9523809523803
-3173.9523809523803
-3184.9523809523803
-3195.9523809523803
-3173.380952380952
-3184.380952380952
-3195.380952380952
-3206.380952380952
-3217.380952380952
-3228.380952380952
-3239.380952380952
-3250.380952380952
-3236.158730158729
-3247.158730158729
-3258.158730158729
-3269.158730158729
-3280.158730158729
-3291.158730158729
-3302.158730158729
-3313.158730158729
-3324.158730158729
-3335.158730158729
-3306.825396825396
-3317.825396825396
-3328.825396825396
-3339.825396825396
-3350.825396825396
-3361.825396825396
-3372.825396825396
-3383.825396825396
-3394.825396825396
-3405.825396825396
-3341.158730158729
-3352.158730158729
-3363.158730158729
-3374.158730158729
-3385.158730158729
-3396.158730158729
-3407.158730158729
-3418.158730158729
-3429.158730158729
-3440.158730158729
-3451.158730158729
-3462.158730158729
-3426.158730158729
-3437.158730158729
-3448.158730158729
-3459.158730158729
-3470.158730158729
-3481.158730158729
-3492.158730158729
-3445.158730158729
-3456.158730158729
-3467.158730158729
-3478.158730158729
-3489.158730158729
-3500.158730158729
-3471.825396825396
-3482.825396825396
-3471.825396825396
-3482.825396825396
-3493.825396825396
-3504.825396825396
-3515.825396825396
-3501.6031746031736
-3473.2698412698405
-3484.2698412698405
-3495.2698412698405
-3506.2698412698405
-3517.2698412698405
-3528.2698412698405
-3499.9365079365075
-3510.9365079365075
-3521.9365079365075
-3532.9365079365075
-3543.9365079365075
-3554.9365079365075
-3565.9365079365075
-3576.9365079365075
-3587.9365079365075
-3573.714285714285
-3545.380952380952
-3556.380952380952
-3567.380952380952
-3578.380952380952
-3560.380952380952
-3571.380952380952
-3582.380952380952
-3593.380952380952
-3604.380952380952
-3615.380952380952
-3626.380952380952
-3637.380952380952
-3648.380952380952
-3659.380952380952
-3670.380952380952
-3681.380952380952
-3692.380952380952
-3703.380952380952
-3714.380952380952
-3725.380952380952
-3697.047619047619
-3708.047619047619
-3719.047619047619
-3730.047619047619
-3631.047619047619
-3642.047619047619
-3595.047619047619
-3606.047619047619
-3617.047619047619
-3628.047619047619
-3639.047619047619
-3650.047619047619
-3661.047619047619
-3672.047619047619
-3683.047619047619
-3694.047619047619
-3705.047619047619
-3716.047619047619
-3727.047619047619
-3738.047619047619
-3749.047619047619
-3726.4761904761904
-3737.4761904761904
-3748.4761904761904
-3759.4761904761904
-3770.4761904761904
-3781.4761904761904
-3792.4761904761904
-3769.904761904762
-3780.904761904762
-3681.904761904762
-3692.904761904762
-3664.571428571429
-3675.571428571429
-3686.571428571429
-3697.571428571429
-3708.571428571429
-3719.571428571429
-3730.571428571429
-3741.571428571429
-3752.571428571429
-3763.571428571429
-3774.571428571429
-3785.571428571429
-3796.571428571429
-3807.571428571429
-3818.571428571429
-3829.571428571429
-3840.571428571429
-3851.571428571429
-3862.571428571429
-3873.571428571429
-3884.571428571429
-3895.571428571429
-3906.571428571429
-3917.571428571429
-3928.571428571429
-3939.571428571429
-3950.571428571429
-3961.571428571429
-3972.571428571429
-3983.571428571429
-3994.571428571429
-4005.571428571429
-4016.571428571429
-4027.571428571429
-4038.571428571429
-4049.571428571429
-4060.571428571429
-4071.571428571429
-4082.571428571429
-4093.571428571429
-4104.571428571429
-4115.571428571429
-4126.571428571429
-4137.571428571429
-4148.571428571429
-4159.571428571429
-4170.571428571429
-4181.571428571429
-4192.571428571429
-4203.571428571429
-4214.571428571429
-4225.571428571429
-4236.571428571429
-4247.571428571429
-4258.571428571429
-4269.571428571429
-4280.571428571429
-4291.571428571429
-4302.571428571429
-4313.571428571429
-4277.571428571429
-4288.571428571429
-4299.571428571429
-4252.571428571429
-4263.571428571429
-4274.571428571429
-4285.571428571429
-4296.571428571429
-4307.571428571429
-4318.571428571429
-4329.571428571429
-4340.571428571429
-4351.571428571429
-4362.571428571429
-4373.571428571429
-4384.571428571429
-4285.571428571429
-4296.571428571429
-4307.571428571429
-4318.571428571429
-4329.571428571429
-4282.571428571429
-4293.571428571429
-4304.571428571429
-4315.571428571429
-4326.571428571429
-4337.571428571429
-4348.571428571429
-4359.571428571429
-4370.571428571429
-4381.571428571429
-4392.571428571429
-4403.571428571429
-4414.571428571429
-4425.571428571429
-4436.571428571429
-4447.571428571429
-4458.571428571429
-4469.571428571429
-4480.571428571429
-4491.571428571429
-4502.571428571429
-4513.571428571429
-4524.571428571429
-4535.571428571429
-4546.571428571429
