-11
-22
-33
-44
-55
-66
-77
-88
-99
-110
-121
-132
-143
-154
-165
-176
-187
-198
-209
-220
-231
-242
-253
-264
-275
-286
-297
-308
-319
-330
-341
-352
-363
-374
-385
-396
-373.42857142857144
-384.42857142857144
-395.42857142857144
-330.7619047619048
-341.7619047619048
-352.7619047619048
-363.7619047619048
-374.7619047619048
-385.7619047619048
-396.7619047619048
-407.7619047619048
-418.7619047619048
-429.7619047619048
-440.7619047619048
-451.7619047619048
-462.7619047619048
-473.7619047619048
-484.7619047619048
-495.7619047619048
-506.7619047619048
-517.7619047619048
-528.7619047619048
-539.7619047619048
-550.7619047619048
-561.7619047619048
-572.7619047619048
-583.7619047619048
-594.7619047619048
-605.7619047619048
-616.7619047619048
-627.7619047619048
-638.7619047619048
-649.7619047619048
-660.7619047619048
-671.7619047619048
-682.7619047619048
-693.7619047619048
-704.7619047619048
-715.7619047619048
-726.7619047619048
-737.7619047619048
-748.7619047619048
-759.7619047619048
-770.7619047619048
-781.7619047619048
-792.7619047619048
-774.7619047619048
-710.0952380952381
-721.0952380952381
-732.0952380952381
-743.0952380952381
-754.0952380952381
-765.0952380952381
-776.0952380952381
-787.0952380952381
-798.0952380952381
-809.0952380952381
-820.0952380952381
-831.0952380952381
-842.0952380952381
-853.0952380952381
-864.0952380952381
-875.0952380952381
-886.0952380952381
-897.0952380952381
-908.0952380952381
-919.0952380952381
-930.0952380952381
-941.0952380952381
-952.0952380952381
-963.0952380952381
-974.0952380952381
-985.0952380952381
-996.0952380952381
-1007.0952380952381
-1018.0952380952381
-971.0952380952381
-982.0952380952381
-993.0952380952381
-1004.0952380952381
-1015.0952380952381
-1026.095238095238
-1037.095238095238
-1048.095238095238
-1059.095238095238
-1070.095238095238
-1081.095238095238
-1092.095238095238
-1103.095238095238
-1114.095238095238
-1125.095238095238
-1136.095238095238
-1147.095238095238
-1158.095238095238
-1169.095238095238
-1180.095238095238
-1191.095238095238
-1202.095238095238
-1213.095238095238
-1224.095238095238
-1235.095238095238
-1217.095238095238
-1228.095238095238
-1239.095238095238
-1250.095238095238
-1261.095238095238
-1272.095238095238
-1283.095238095238
-1294.095238095238
-1265.7619047619046
-1276.7619047619046
-1287.7619047619046
-1298.7619047619046
-1309.7619047619046
-1320.7619047619046
-1331.7619047619046
-1342.7619047619046
-1320.1904761904761
-1284.1904761904761
-1295.1904761904761
-1306.1904761904761
-1283.6190476190477
-1261.0476190476193
-1272.0476190476193
-1283.0476190476193
-1294.0476190476193
-1305.0476190476193
-1316.0476190476193
-1327.0476190476193
-1338.0476190476193
-1349.0476190476193
-1360.0476190476193
-1331.7142857142858
-1342.7142857142858
-1353.7142857142858
-1364.7142857142858
-1375.7142857142858
-1386.7142857142858
-1397.7142857142858
-1408.7142857142858
-1419.7142857142858
-1408.7142857142858
-1419.7142857142858
-1372.7142857142858
-1383.7142857142858
-1394.7142857142858
-1405.7142857142858
-1416.7142857142858
-1427.7142857142858
-1438.7142857142858
-1449.7142857142858
-1460.7142857142858
-1471.7142857142858
-1482.7142857142858
-1493.7142857142858
-1504.7142857142858
-1515.7142857142858
-1416.7142857142858
-1427.7142857142858
-1438.7142857142858
-1449.7142857142858
-1460.7142857142858
-1471.7142857142858
-1482.7142857142858
-1493.7142857142858
-1504.7142857142858
-1515.7142857142858
-1526.7142857142858
-1537.7142857142858
-1548.7142857142858
-1559.7142857142858
-1570.7142857142858
-1581.7142857142858
-1553.3809523809523
-1564.3809523809523
-1575.3809523809523
-1586.3809523809523
-1597.3809523809523
-1608.3809523809523
-1619.3809523809523
-1630.3809523809523
-1602.0476190476188
-1613.0476190476188
-1595.0476190476188
-1530.3809523809523
-1541.3809523809523
-1552.3809523809523
-1563.3809523809523
-1574.3809523809523
-1585.3809523809523
-1596.3809523809523
-1607.3809523809523
-1618.3809523809523
-1629.3809523809523
-1640.3809523809523
-1651.3809523809523
-1662.3809523809523
-1648.1587301587301
-1549.1587301587301
-1560.1587301587301
-1571.1587301587301
-1582.1587301587301
-1593.1587301587301
-1604.1587301587301
-1615.1587301587301
-1604.1587301587301
-1615.1587301587301
-1626.1587301587301
-1608.1587301587301
-1619.1587301587301
-1630.1587301587301
-1641.1587301587301
-1618.5873015873017
-1629.5873015873017
-1640.5873015873017
-1651.5873015873017
-1662.5873015873017
-1673.5873015873017
-1684.5873015873017
-1695.5873015873017
-1706.5873015873017
-1717.5873015873017
-1728.5873015873017
-1739.5873015873017
-1750.5873015873017
-1761.5873015873017
-1772.5873015873017
-1725.5873015873017
-1736.5873015873017
-1747.5873015873017
-1758.5873015873017
-1769.5873015873017
-1670.5873015873017
-1681.5873015873017
-1692.5873015873017
-1703.5873015873017
-1689.3650793650795
-1700.3650793650795
-1711.3650793650795
-1722.3650793650795
-1733.3650793650795
-1744.3650793650795
-1755.3650793650795
-1766.3650793650795
-1777.3650793650795
-1788.3650793650795
-1799.3650793650795
-1810.3650793650795
-1821.3650793650795
-1832.3650793650795
-1843.3650793650795
-1854.3650793650795
-1865.3650793650795
-1876.3650793650795
-1887.3650793650795
-1898.3650793650795
-1833.698412698413
-1844.698412698413
-1855.698412698413
-1866.698412698413
-1877.698412698413
-1888.698412698413
-1899.698412698413
-1910.698412698413
-1921.698412698413
-1932.698412698413
-1943.698412698413
-1954.698412698413
-1965.698412698413
-1976.698412698413
-1987.698412698413
-1998.698412698413
-2009.698412698413
-2020.698412698413
-2031.698412698413
-2042.698412698413
-2024.698412698413
-1988.698412698413
-1999.698412698413
-2010.698412698413
-2021.698412698413
-2032.698412698413
-2043.698412698413
-2054.698412698413
-2065.698412698413
-2076.698412698413
-2087.698412698413
-2098.698412698413
-2051.698412698413
-2062.698412698413
-2073.698412698413
-2084.698412698413
-2095.698412698413
-2106.698412698413
-2117.698412698413
-2128.698412698413
-2139.698412698413
-2150.698412698413
-2161.698412698413
-2172.698412698413
-2183.698412698413
-2194.698412698413
-2205.698412698413
-2216.698412698413
-2227.698412698413
-2238.698412698413
-2249.698412698413
-2260.698412698413
-2224.698412698413
-2235.698412698413
-2199.698412698413
-2210.698412698413
-2221.698412698413
-2174.698412698413
-2185.698412698413
-2196.698412698413
-2178.698412698413
-2189.698412698413
-2200.698412698413
-2172.36507936508
-2125.36507936508
-2136.36507936508
-2147.36507936508
-2158.36507936508
-2169.36507936508
-2180.36507936508
-2191.36507936508
-2202.36507936508
-2213.36507936508
-2224.36507936508
-2235.36507936508
-2246.36507936508
-2257.36507936508
-2268.36507936508
-2279.36507936508
-2214.698412698413
-2225.698412698413
-2236.698412698413
-2247.698412698413
-2258.698412698413
-2269.698412698413
-2280.698412698413
-2291.698412698413
-2302.698412698413
-2313.698412698413
-2324.698412698413
-2306.698412698413
-2317.698412698413
-2328.698412698413
-2339.698412698413
-2350.698412698413
-2361.698412698413
-2372.698412698413
-2383.698412698413
-2394.698412698413
-2405.698412698413
-2416.698412698413
-2427.698412698413
-2413.4761904761904
-2424.4761904761904
-2435.4761904761904
-2446.4761904761904
-2457.4761904761904
-2468.4761904761904
-2479.4761904761904
-2490.4761904761904
-2501.4761904761904
-2512.4761904761904
-2523.4761904761904
-2534.4761904761904
-2545.4761904761904
-2556.4761904761904
-2567.4761904761904
-2578.4761904761904
-2589.4761904761904
-2600.4761904761904
-2611.4761904761904
-2622.4761904761904
-2633.4761904761904
-2644.4761904761904
-2655.4761904761904
-2666.4761904761904
-2677.4761904761904
-2688.4761904761904
-2699.4761904761904
-2710.4761904761904
-2721.4761904761904
-2732.4761904761904
-2743.4761904761904
-2754.4761904761904
-2765.4761904761904
-2776.4761904761904
-2787.4761904761904
-2798.4761904761904
-2809.4761904761904
-2820.4761904761904
-2755.8095238095234
-2766.8095238095234
-2777.8095238095234
-2788.8095238095234
-2799.8095238095234
-2810.8095238095234
-2821.8095238095234
-2832.8095238095234
-2843.8095238095234
-2854.8095238095234
-2832.238095238095
-2843.238095238095
-2854.238095238095
-2865.238095238095
-2766.238095238095
-2777.238095238095
-2788.238095238095
-2799.238095238095
-2810.238095238095
-2774.238095238095
-2785.238095238095
-2796.238095238095
-2807.238095238095
-2818.238095238095
-2829.238095238095
-2840.238095238095
-2851.238095238095
-2862.238095238095
-2873.238095238095
-2884.238095238095
-2895.238095238095
-2906.238095238095
-2917.238095238095
-2928.238095238095
-2939.238095238095
-2950.238095238095
-2961.238095238095
-2947.0158730158723
-2958.0158730158723
-2969.0158730158723
-2980.0158730158723
-2991.0158730158723
-3002.0158730158723
-3013.0158730158723
-3024.0158730158723
-3035.0158730158723
-3046.0158730158723
-3057.0158730158723
-3068.0158730158723
-3079.0158730158723
-3090.0158730158723
-3101.0158730158723
-3112.0158730158723
-3123.0158730158723
-3134.0158730158723
-3145.0158730158723
-3156.0158730158723
-3167.0158730158723
-3178.0158730158723
-3189.0158730158723
-3200.0158730158723
-3211.0158730158723
-3222.0158730158723
-3233.0158730158723
-3244.0158730158723
-3221.444444444444
-3232.444444444444
-3204.111111111111
-3215.111111111111
-3226.111111111111
-3237.111111111111
-3248.111111111111
-3259.111111111111
-3270.111111111111
-3281.111111111111
-3292.111111111111
-3303.111111111111
-3314.111111111111
-3325.111111111111
-3336.111111111111
-3300.111111111111
-3285.8888888888882
-3296.8888888888882
-3307.8888888888882
-3318.8888888888882
-3329.8888888888882
-3340.8888888888882
-3351.8888888888882
-3362.8888888888882
-3373.8888888888882
-3384.8888888888882
-3395.8888888888882
-3406.8888888888882
-3417.8888888888882
-3428.8888888888882
-3439.8888888888882
-3450.8888888888882
-3351.8888888888882
-3362.8888888888882
-3373.8888888888882
-3384.8888888888882
-3395.8888888888882
-3406.8888888888882
-3392.6666666666656
-3403.6666666666656
-3414.6666666666656
-3425.6666666666656
-3326.6666666666656
-3337.6666666666656
-3348.6666666666656
-3359.6666666666656
-3370.6666666666656
-3381.6666666666656
-3392.6666666666656
-3403.6666666666656
-3414.6666666666656
-3425.6666666666656
-3436.6666666666656
-3447.6666666666656
-3458.6666666666656
-3469.6666666666656
-3480.6666666666656
-3491.6666666666656
-3502.6666666666656
-3455.6666666666656
-3466.6666666666656
-3477.6666666666656
-3488.6666666666656
-3460.3333333333326
-3471.3333333333326
-3482.3333333333326
-3493.3333333333326
-3457.3333333333326
-3468.3333333333326
-3479.3333333333326
-3490.3333333333326
-3501.3333333333326
-3512.3333333333326
-3523.3333333333326
-3534.3333333333326
-3545.3333333333326
-3556.3333333333326
-3567.3333333333326
-3578.3333333333326
-3479.3333333333326
-3490.3333333333326
-3501.3333333333326
-3512.3333333333326
-3523.3333333333326
-3534.3333333333326
-3545.3333333333326
-3556.3333333333326
-3567.3333333333326
-3578.3333333333326
-3589.3333333333326
-3600.3333333333326
-3611.3333333333326
-3622.3333333333326
-3633.3333333333326
-3610.761904761904
-3599.761904761904
-3610.761904761904
-3621.761904761904
-3632.761904761904
-3643.761904761904
-3654.761904761904
-3665.761904761904
-3676.761904761904
-3687.761904761904
-3698.761904761904
-3709.761904761904
-3720.761904761904
-3731.761904761904
-3742.761904761904
-3714.428571428571
-3725.428571428571
-3736.428571428571
-3747.428571428571
-3758.428571428571
-3769.428571428571
-3670.428571428571
-3681.428571428571
-3692.428571428571
-3703.428571428571
-3714.428571428571
-3725.428571428571
-3736.428571428571
-3747.428571428571
-3758.428571428571
-3769.428571428571
-3780.428571428571
-3715.761904761904
-3726.761904761904
-3737.761904761904
-3748.761904761904
-3759.761904761904
-3695.095238095237
-3706.095238095237
-3717.095238095237
-3728.095238095237
-3710.095238095237
-3721.095238095237
-3732.095238095237
-3743.095238095237
-3728.8730158730145
-3739.8730158730145
-3721.8730158730145
-3732.8730158730145
-3743.8730158730145
-3754.8730158730145
-3765.8730158730145
-3776.8730158730145
-3787.8730158730145
-3798.8730158730145
-3809.8730158730145
-3820.8730158730145
-3831.8730158730145
-3842.8730158730145
-3778.2063492063476
-3789.2063492063476
-3690.2063492063476
-3701.2063492063476
-3712.2063492063476
-3723.2063492063476
-3734.2063492063476
-3745.2063492063476
-3756.2063492063476
-3767.2063492063476
-3778.2063492063476
-3789.2063492063476
-3800.2063492063476
-3811.2063492063476
-3822.2063492063476
-3833.2063492063476
-3844.2063492063476
-3821.634920634919
-3774.634920634919
-3785.634920634919
-3796.634920634919
-3807.634920634919
-3818.634920634919
-3829.634920634919
-3840.634920634919
-3851.634920634919
-3862.634920634919
-3873.634920634919
-3884.634920634919
-3895.634920634919
-3906.634920634919
-3841.968253968252
-3852.968253968252
-3753.968253968252
-3764.968253968252
-3775.968253968252
-3786.968253968252
-3797.968253968252
-3808.968253968252
-3709.968253968252
-3720.968253968252
-3731.968253968252
-3742.968253968252
-3753.968253968252
-3764.968253968252
