99.0
88.0
77.0
66.0
55.0
44.0
33.0
22.0
11.0
0.0
-11.0
-22.0
-33.0
-44.0
-55.0
-66.0
-77.0
-88.0
-99.0
-88.0
-99.0
-110.0
-121.0
-132.0
-143.0
-154.0
-165.0
-176.0
-140.0
-151.0
-162.0
-173.0
-184.0
-195.0
-206.0
-217.0
-228.0
-129.0
-140.0
-151.0
-162.0
-173.0
-184.0
-195.0
-206.0
-217.0
-228.0
-239.0
-250.0
-261.0
-243.0
-254.0
-265.0
-276.0
-287.0
-298.0
-309.0
-320.0
-331.0
-342.0
-243.0
-254.0
-265.0
-276.0
-287.0
-298.0
-309.0
-262.0
-226.0
-237.0
-248.0
-259.0
-270.0
-281.0
-292.0
-303.0
-314.0
-325.0
-336.0
-237.0
-226.0
-237.0
-172.33333333333331
-183.33333333333331
-194.33333333333331
-205.33333333333331
-194.33333333333331
-205.33333333333331
-216.33333333333331
-227.33333333333331
-238.33333333333331
-249.33333333333331
-150.33333333333331
-85.66666666666663
-96.66666666666663
-107.66666666666663
-118.66666666666663
-129.66666666666663
-140.66666666666663
-151.66666666666663
-52.66666666666663
-63.66666666666663
-74.66666666666663
-85.66666666666663
-96.66666666666663
-107.66666666666663
-118.66666666666663
-82.66666666666663
-93.66666666666663
-104.66666666666663
-115.66666666666663
-16.66666666666663
-27.66666666666663
-38.66666666666663
-49.66666666666663
-60.66666666666663
-71.66666666666663
-82.66666666666663
-93.66666666666663
-104.66666666666663
-115.66666666666663
-16.66666666666663
-27.66666666666663
-38.66666666666663
-49.66666666666663
-60.66666666666663
-71.66666666666663
-60.66666666666663
-71.66666666666663
-82.66666666666663
-54.333333333333286
-65.33333333333329
-76.33333333333329
-87.33333333333329
11.666666666666714
0.666666666666714
-10.333333333333286
-21.333333333333286
-32.333333333333286
3.666666666666714
-7.333333333333286
-18.333333333333286
10.00000000000005
-0.9999999999999503
-11.99999999999995
-22.99999999999995
-33.99999999999995
-44.99999999999995
-55.99999999999995
-66.99999999999994
-19.999999999999943
-30.999999999999943
-41.99999999999994
-52.99999999999994
-63.99999999999994
-74.99999999999994
-85.99999999999994
-96.99999999999994
2.000000000000057
-8.999999999999943
-19.999999999999943
-30.999999999999943
-41.99999999999994
-52.99999999999994
-63.99999999999994
0.6666666666667282
-10.333333333333272
-21.33333333333327
-32.33333333333327
-43.33333333333327
55.66666666666673
44.66666666666673
33.66666666666673
22.66666666666673
11.666666666666728
0.6666666666667282
-10.333333333333272
36.66666666666673
25.66666666666673
14.666666666666728
3.6666666666667282
-7.333333333333272
-18.33333333333327
-29.33333333333327
-40.33333333333327
-51.33333333333327
-62.33333333333327
-73.33333333333327
-84.33333333333327
-95.33333333333327
-106.33333333333327
-117.33333333333327
-128.33333333333326
-139.33333333333326
-150.33333333333326
-161.33333333333326
-172.33333333333326
-107.66666666666657
-118.66666666666657
-129.66666666666657
-140.66666666666657
-151.66666666666657
-162.66666666666657
-173.66666666666657
-108.99999999999989
-119.99999999999989
-130.9999999999999
-141.9999999999999
-152.9999999999999
-88.3333333333332
-99.3333333333332
-110.3333333333332
-121.3333333333332
-132.3333333333332
-109.76190476190462
-62.76190476190462
-73.76190476190462
-84.76190476190462
-95.76190476190462
-106.76190476190462
-117.76190476190462
-128.76190476190462
-139.76190476190462
-75.09523809523793
-86.09523809523793
-97.09523809523793
-108.09523809523793
-119.09523809523793
-130.09523809523793
-115.8730158730157
-126.8730158730157
-137.8730158730157
-148.8730158730157
-159.8730158730157
-170.8730158730157
-181.8730158730157
-192.8730158730157
-203.8730158730157
-214.8730158730157
-225.8730158730157
-236.8730158730157
-137.8730158730157
-148.8730158730157
-159.8730158730157
-170.8730158730157
-181.8730158730157
-192.8730158730157
-93.8730158730157
-104.8730158730157
-115.8730158730157
-126.8730158730157
-137.8730158730157
-148.8730158730157
-159.8730158730157
-170.8730158730157
-159.8730158730157
-170.8730158730157
-71.8730158730157
-82.8730158730157
-93.8730158730157
-104.8730158730157
-115.8730158730157
-126.8730158730157
-137.8730158730157
-148.8730158730157
-49.8730158730157
-60.8730158730157
-71.8730158730157
-82.8730158730157
-93.8730158730157
-104.8730158730157
-115.8730158730157
-126.8730158730157
-137.8730158730157
-38.8730158730157
-49.8730158730157
-60.8730158730157
-71.8730158730157
-82.8730158730157
-93.8730158730157
-104.8730158730157
-115.8730158730157
-126.8730158730157
-137.8730158730157
-148.8730158730157
-159.8730158730157
-170.8730158730157
-181.8730158730157
-192.8730158730157
-203.8730158730157
-214.8730158730157
-225.8730158730157
-161.20634920634902
-146.9841269841268
-157.9841269841268
-168.9841269841268
-150.9841269841268
-161.9841269841268
-172.9841269841268
-183.9841269841268
-119.3174603174601
-130.3174603174601
-141.3174603174601
-152.3174603174601
-163.3174603174601
-174.3174603174601
-185.3174603174601
-196.3174603174601
-160.3174603174601
-113.3174603174601
-124.3174603174601
-135.3174603174601
-146.3174603174601
-157.3174603174601
-168.3174603174601
-179.3174603174601
-190.3174603174601
-201.3174603174601
-136.65079365079342
-147.65079365079342
-158.65079365079342
-169.65079365079342
-180.65079365079342
-191.65079365079342
-202.65079365079342
-213.65079365079342
-224.65079365079342
-235.65079365079342
-246.65079365079342
-257.6507936507934
-192.9841269841267
-93.9841269841267
-104.9841269841267
-115.9841269841267
-126.9841269841267
-137.9841269841267
-148.9841269841267
-159.9841269841267
-170.9841269841267
-181.9841269841267
-192.9841269841267
-203.9841269841267
-104.9841269841267
-115.9841269841267
-126.9841269841267
-115.9841269841267
-126.9841269841267
-137.9841269841267
-148.9841269841267
-159.9841269841267
-60.9841269841267
-71.9841269841267
-82.9841269841267
-93.9841269841267
-104.9841269841267
-115.9841269841267
-126.9841269841267
-137.9841269841267
-148.9841269841267
-101.9841269841267
-112.9841269841267
-123.9841269841267
-134.9841269841267
-145.9841269841267
-131.76190476190447
-142.76190476190447
-153.76190476190447
-54.761904761904475
-65.76190476190447
-76.76190476190447
-87.76190476190447
-98.76190476190447
-109.76190476190447
-120.76190476190447
-56.0952380952378
-67.09523809523779
-78.09523809523779
-89.09523809523779
9.90476190476221
-1.0952380952377894
-12.09523809523779
-23.09523809523779
-34.09523809523779
-45.09523809523779
-56.09523809523779
-67.09523809523779
-78.09523809523779
-89.09523809523779
-53.09523809523779
-17.09523809523779
-28.09523809523779
-39.09523809523779
-50.09523809523779
-27.52380952380922
-38.52380952380922
-49.52380952380922
49.47619047619078
67.47619047619078
56.47619047619078
45.47619047619078
34.47619047619078
23.47619047619078
12.47619047619078
1.47619047619078
-9.52380952380922
-20.52380952380922
-31.52380952380922
67.47619047619078
56.47619047619078
45.47619047619078
34.47619047619078
45.47619047619078
34.47619047619078
23.47619047619078
12.47619047619078
1.47619047619078
66.14285714285745
55.14285714285745
73.14285714285745
62.14285714285745
51.14285714285745
40.14285714285745
29.14285714285745
43.36507936507968
32.36507936507968
60.69841269841302
49.69841269841302
38.69841269841302
27.698412698413023
16.698412698413023
45.03174603174636
144.03174603174637
133.03174603174637
122.03174603174637
111.03174603174637
100.03174603174637
114.2539682539686
132.2539682539686
121.2539682539686
157.2539682539686
146.2539682539686
135.2539682539686
124.2539682539686
113.2539682539686
102.2539682539686
91.2539682539686
190.2539682539686
179.2539682539686
168.2539682539686
157.2539682539686
221.92063492063528
210.92063492063528
246.92063492063528
235.92063492063528
224.92063492063528
213.92063492063528
202.92063492063528
191.92063492063528
227.92063492063528
216.92063492063528
205.92063492063528
194.92063492063528
183.92063492063528
172.92063492063528
161.92063492063528
150.92063492063528
139.92063492063528
128.92063492063528
227.92063492063528
216.92063492063528
205.92063492063528
194.92063492063528
183.92063492063528
172.92063492063528
161.92063492063528
260.9206349206353
249.92063492063528
238.92063492063528
227.92063492063528
216.92063492063528
205.92063492063528
194.92063492063528
241.92063492063528
230.92063492063528
219.92063492063528
208.92063492063528
197.92063492063528
186.92063492063528
251.58730158730197
240.58730158730197
287.58730158730197
276.58730158730197
265.58730158730197
254.58730158730197
243.58730158730197
232.58730158730197
221.58730158730197
210.58730158730197
199.58730158730197
264.25396825396865
253.25396825396865
242.25396825396865
231.25396825396865
295.9206349206353
284.9206349206353
273.9206349206353
262.9206349206353
251.92063492063528
240.92063492063528
263.49206349206383
252.49206349206383
241.49206349206383
230.49206349206383
219.49206349206383
208.49206349206383
197.49206349206383
186.49206349206383
175.49206349206383
164.49206349206383
153.49206349206383
252.49206349206383
241.49206349206383
230.49206349206383
219.49206349206383
208.49206349206383
307.49206349206383
296.49206349206383
285.49206349206383
274.49206349206383
263.49206349206383
252.49206349206383
241.49206349206383
230.49206349206383
219.49206349206383
208.49206349206383
197.49206349206383
296.49206349206383
285.49206349206383
274.49206349206383
263.49206349206383
252.49206349206383
351.49206349206383
340.49206349206383
329.49206349206383
318.49206349206383
307.49206349206383
296.49206349206383
285.49206349206383
274.49206349206383
263.49206349206383
252.49206349206383
241.49206349206383
230.49206349206383
219.49206349206383
208.49206349206383
197.49206349206383
186.49206349206383
175.49206349206383
164.49206349206383
153.49206349206383
142.49206349206383
131.49206349206383
120.49206349206383
109.49206349206383
98.49206349206383
87.49206349206383
76.49206349206383
141.15873015873052
130.15873015873052
158.49206349206383
147.49206349206383
175.82539682539715
274.82539682539715
263.82539682539715
252.82539682539715
267.0476190476194
256.0476190476194
245.04761904761938
309.714285714286
298.714285714286
287.714285714286
276.714285714286
265.714285714286
254.714285714286
243.714285714286
232.714285714286
331.714285714286
320.714285714286
309.714285714286
298.714285714286
287.714285714286
276.714285714286
265.714285714286
254.714285714286
319.38095238095264
308.38095238095264
297.38095238095264
286.38095238095264
275.38095238095264
303.714285714286
292.714285714286
281.714285714286
270.714285714286
369.714285714286
358.714285714286
347.714285714286
336.714285714286
325.714285714286
390.38095238095264
379.38095238095264
368.38095238095264
357.38095238095264
346.38095238095264
335.38095238095264
357.9523809523812
346.9523809523812
393.9523809523812
382.9523809523812
371.9523809523812
436.6190476190478
425.6190476190478
414.6190476190478
403.6190476190478
392.6190476190478
420.9523809523812
409.9523809523812
398.9523809523812
387.9523809523812
402.17460317460336
391.17460317460336
380.17460317460336
369.17460317460336
468.17460317460336
457.17460317460336
446.17460317460336
464.17460317460336
453.17460317460336
500.17460317460336
489.17460317460336
511.7460317460319
500.7460317460319
599.7460317460319
588.7460317460319
577.7460317460319
566.7460317460319
555.7460317460319
544.7460317460319
533.7460317460319
522.7460317460319
511.7460317460319
500.7460317460319
489.7460317460319
478.7460317460319
467.7460317460319
456.7460317460319
445.7460317460319
434.7460317460319
423.7460317460319
412.7460317460319
401.7460317460319
430.0793650793653
419.0793650793653
408.0793650793653
397.0793650793653
461.7460317460319
450.7460317460319
439.7460317460319
538.7460317460319
527.7460317460319
545.7460317460319
644.7460317460319
633.7460317460319
622.7460317460319
611.7460317460319
600.7460317460319
589.7460317460319
578.7460317460319
567.7460317460319
666.7460317460319
655.7460317460319
644.7460317460319
633.7460317460319
622.7460317460319
611.7460317460319
600.7460317460319
614.9682539682541
603.9682539682541
592.9682539682541
581.9682539682541
617.9682539682541
606.9682539682541
595.9682539682541
618.5396825396828
607.5396825396828
596.5396825396828
585.5396825396828
574.5396825396828
563.5396825396828
552.5396825396828
541.5396825396828
530.5396825396828
519.5396825396828
508.53968253968276
497.53968253968276
486.53968253968276
514.8730158730161
503.87301587301613
602.8730158730161
591.8730158730161
580.8730158730161
569.8730158730161
558.8730158730161
547.8730158730161
536.8730158730161
525.8730158730161
572.8730158730161
561.8730158730161
550.8730158730161
539.8730158730161
528.8730158730161
575.8730158730161
564.8730158730161
553.8730158730161
542.8730158730161
531.8730158730161
520.8730158730161
509.87301587301613
498.87301587301613
487.87301587301613
