-11
-22
-33
-44
-8.0
-19.0
-30.0
-41.0
-52.0
-63.0
-74.0
-85.0
-96.0
-107.0
-118.0
-129.0
-140.0
-151.0
-162.0
-173.0
-184.0
-195.0
-206.0
-217.0
-228.0
-239.0
-250.0
-261.0
-272.0
-283.0
-294.0
-305.0
-316.0
-327.0
-338.0
-323.7777777777778
-312.7777777777778
-323.7777777777778
-334.7777777777778
-345.7777777777778
-356.7777777777778
-367.7777777777778
-378.7777777777778
-389.7777777777778
-400.7777777777778
-411.7777777777778
-422.7777777777778
-433.7777777777778
-444.7777777777778
-455.7777777777778
-466.7777777777778
-477.7777777777778
-488.7777777777778
-499.7777777777778
-510.7777777777778
-521.7777777777778
-532.7777777777778
-543.7777777777778
-554.7777777777778
-565.7777777777778
-576.7777777777778
-587.7777777777778
-598.7777777777778
-609.7777777777778
-620.7777777777778
-631.7777777777778
-642.7777777777778
-653.7777777777778
-664.7777777777778
-675.7777777777778
-686.7777777777778
-650.7777777777778
-661.7777777777778
-672.7777777777778
-683.7777777777778
-694.7777777777778
-705.7777777777778
-716.7777777777778
-727.7777777777778
-738.7777777777778
-749.7777777777778
-760.7777777777778
-771.7777777777778
-782.7777777777778
-793.7777777777778
-765.4444444444446
-776.4444444444446
-787.4444444444446
-798.4444444444446
-809.4444444444446
-820.4444444444446
-831.4444444444446
-842.4444444444446
-853.4444444444446
-864.4444444444446
-875.4444444444446
-886.4444444444446
-897.4444444444446
-908.4444444444446
-919.4444444444446
-930.4444444444446
-941.4444444444446
-930.4444444444446
-941.4444444444446
-952.4444444444446
-963.4444444444446
-974.4444444444446
-985.4444444444446
-996.4444444444446
-949.4444444444446
-884.7777777777778
-895.7777777777778
-906.7777777777778
-917.7777777777778
-928.7777777777778
-939.7777777777778
-950.7777777777778
-961.7777777777778
-925.7777777777778
-936.7777777777778
-947.7777777777778
-925.2063492063492
-936.2063492063492
-947.2063492063492
-958.2063492063492
-969.2063492063492
-980.2063492063492
-991.2063492063492
-1002.2063492063492
-1013.2063492063492
-1024.2063492063492
-977.2063492063492
-988.2063492063492
-999.2063492063492
-1010.2063492063492
-1021.2063492063492
-1032.2063492063492
-1043.2063492063492
-1054.2063492063492
-1065.2063492063492
-1076.2063492063492
-1087.2063492063492
-1098.2063492063492
-1109.2063492063492
-1120.2063492063492
-1131.2063492063492
-1142.2063492063492
-1153.2063492063492
-1164.2063492063492
-1065.2063492063492
-1076.2063492063492
-1058.2063492063492
-1069.2063492063492
-1080.2063492063492
-1091.2063492063492
-1102.2063492063492
-1084.2063492063492
-1095.2063492063492
-1106.2063492063492
-1117.2063492063492
-1106.2063492063492
-1117.2063492063492
-1128.2063492063492
-1139.2063492063492
-1150.2063492063492
-1161.2063492063492
-1172.2063492063492
-1183.2063492063492
-1194.2063492063492
-1205.2063492063492
-1216.2063492063492
-1227.2063492063492
-1238.2063492063492
-1249.2063492063492
-1260.2063492063492
-1271.2063492063492
-1282.2063492063492
-1293.2063492063492
-1304.2063492063492
-1315.2063492063492
-1326.2063492063492
-1337.2063492063492
-1348.2063492063492
-1319.8730158730157
-1330.8730158730157
-1341.8730158730157
-1352.8730158730157
-1363.8730158730157
-1374.8730158730157
-1385.8730158730157
-1396.8730158730157
-1407.8730158730157
-1418.8730158730157
-1429.8730158730157
-1440.8730158730157
-1451.8730158730157
-1462.8730158730157
-1473.8730158730157
-1484.8730158730157
-1495.8730158730157
-1506.8730158730157
-1517.8730158730157
-1470.8730158730157
-1481.8730158730157
-1492.8730158730157
-1503.8730158730157
-1514.8730158730157
-1525.8730158730157
-1478.8730158730157
-1489.8730158730157
-1500.8730158730157
-1453.8730158730157
-1464.8730158730157
-1475.8730158730157
-1486.8730158730157
-1497.8730158730157
-1508.8730158730157
-1519.8730158730157
-1497.3015873015872
-1508.3015873015872
-1479.9682539682537
-1490.9682539682537
-1501.9682539682537
-1512.9682539682537
-1523.9682539682537
-1534.9682539682537
-1545.9682539682537
-1556.9682539682537
-1567.9682539682537
-1503.3015873015872
-1514.3015873015872
-1525.3015873015872
-1502.7301587301588
-1513.7301587301588
-1524.7301587301588
-1535.7301587301588
-1546.7301587301588
-1557.7301587301588
-1568.7301587301588
-1546.1587301587304
-1557.1587301587304
-1568.1587301587304
-1579.1587301587304
-1590.1587301587304
-1601.1587301587304
-1612.1587301587304
-1623.1587301587304
-1634.1587301587304
-1645.1587301587304
-1656.1587301587304
-1667.1587301587304
-1678.1587301587304
-1689.1587301587304
-1674.9365079365082
-1685.9365079365082
-1696.9365079365082
-1678.9365079365082
-1689.9365079365082
-1700.9365079365082
-1601.9365079365082
-1612.9365079365082
-1623.9365079365082
-1601.3650793650797
-1612.3650793650797
-1623.3650793650797
-1634.3650793650797
-1645.3650793650797
-1656.3650793650797
-1667.3650793650797
-1678.3650793650797
-1689.3650793650797
-1700.3650793650797
-1711.3650793650797
-1722.3650793650797
-1733.3650793650797
-1744.3650793650797
-1755.3650793650797
-1766.3650793650797
-1777.3650793650797
-1788.3650793650797
-1799.3650793650797
-1810.3650793650797
-1711.3650793650797
-1722.3650793650797
-1733.3650793650797
-1744.3650793650797
-1755.3650793650797
-1766.3650793650797
-1777.3650793650797
-1788.3650793650797
-1723.6984126984132
-1734.6984126984132
-1745.6984126984132
-1756.6984126984132
-1745.6984126984132
-1698.6984126984132
-1709.6984126984132
-1720.6984126984132
-1731.6984126984132
-1742.6984126984132
-1753.6984126984132
-1689.0317460317467
-1700.0317460317467
-1711.0317460317467
-1722.0317460317467
-1733.0317460317467
-1744.0317460317467
-1755.0317460317467
-1766.0317460317467
-1777.0317460317467
-1788.0317460317467
-1799.0317460317467
-1810.0317460317467
-1821.0317460317467
-1832.0317460317467
-1809.4603174603183
-1820.4603174603183
-1831.4603174603183
-1842.4603174603183
-1853.4603174603183
-1864.4603174603183
-1875.4603174603183
-1886.4603174603183
-1868.4603174603183
-1879.4603174603183
-1890.4603174603183
-1901.4603174603183
-1912.4603174603183
-1901.4603174603183
-1912.4603174603183
-1923.4603174603183
-1934.4603174603183
-1945.4603174603183
-1956.4603174603183
-1967.4603174603183
-1978.4603174603183
-1989.4603174603183
-2000.4603174603183
-2011.4603174603183
-2022.4603174603183
-2033.4603174603183
-2022.4603174603183
-2033.4603174603183
-2044.4603174603183
-2033.460317460318
-2044.460317460318
-2055.460317460318
-2066.460317460318
-2077.460317460318
-2088.460317460318
-2099.460317460318
-2110.460317460318
-2121.460317460318
-2132.460317460318
-2143.460317460318
-2154.460317460318
-2165.460317460318
-2176.460317460318
-2187.460317460318
-2198.460317460318
-2151.460317460318
-2162.460317460318
-2173.460317460318
-2184.460317460318
-2195.460317460318
-2206.460317460318
-2217.460317460318
-2228.460317460318
-2239.460317460318
-2250.460317460318
-2261.460317460318
-2272.460317460318
-2283.460317460318
-2294.460317460318
-2305.460317460318
-2206.460317460318
-2217.460317460318
-2228.460317460318
-2239.460317460318
-2250.460317460318
-2261.460317460318
-2272.460317460318
-2283.460317460318
-2294.460317460318
-2305.460317460318
-2316.460317460318
-2327.460317460318
-2338.460317460318
-2324.2380952380954
-2335.2380952380954
-2324.2380952380954
-2335.2380952380954
-2346.2380952380954
-2357.2380952380954
-2368.2380952380954
-2379.2380952380954
-2390.2380952380954
-2401.2380952380954
-2412.2380952380954
-2423.2380952380954
-2412.2380952380954
-2423.2380952380954
-2434.2380952380954
-2445.2380952380954
-2434.2380952380954
-2445.2380952380954
-2456.2380952380954
-2467.2380952380954
-2478.2380952380954
-2489.2380952380954
-2500.2380952380954
-2511.2380952380954
-2522.2380952380954
-2533.2380952380954
-2544.2380952380954
-2555.2380952380954
-2566.2380952380954
-2577.2380952380954
-2588.2380952380954
-2599.2380952380954
-2610.2380952380954
-2621.2380952380954
-2632.2380952380954
-2643.2380952380954
-2654.2380952380954
-2665.2380952380954
-2654.2380952380954
-2665.2380952380954
-2647.2380952380954
-2658.2380952380954
-2669.2380952380954
-2680.2380952380954
-2691.2380952380954
-2702.2380952380954
-2679.666666666667
-2690.666666666667
-2701.666666666667
-2712.666666666667
-2723.666666666667
-2734.666666666667
-2635.666666666667
-2646.666666666667
-2657.666666666667
-2668.666666666667
-2679.666666666667
-2690.666666666667
-2701.666666666667
-2712.666666666667
-2723.666666666667
-2734.666666666667
-2745.666666666667
-2756.666666666667
-2742.4444444444443
-2753.4444444444443
-2764.4444444444443
-2717.4444444444443
-2728.4444444444443
-2739.4444444444443
-2750.4444444444443
-2651.4444444444443
-2662.4444444444443
-2626.4444444444443
-2637.4444444444443
-2648.4444444444443
-2659.4444444444443
-2670.4444444444443
-2681.4444444444443
-2670.4444444444443
-2681.4444444444443
-2692.4444444444443
-2703.4444444444443
-2685.4444444444443
-2696.4444444444443
-2707.4444444444443
-2718.4444444444443
-2729.4444444444443
-2740.4444444444443
-2751.4444444444443
-2762.4444444444443
-2773.4444444444443
-2784.4444444444443
-2795.4444444444443
-2730.7777777777774
-2719.7777777777774
-2730.7777777777774
-2741.7777777777774
-2752.7777777777774
-2763.7777777777774
-2774.7777777777774
-2785.7777777777774
-2796.7777777777774
-2807.7777777777774
-2760.7777777777774
-2771.7777777777774
-2782.7777777777774
-2793.7777777777774
-2782.7777777777774
-2793.7777777777774
-2804.7777777777774
-2815.7777777777774
-2797.7777777777774
-2808.7777777777774
-2819.7777777777774
-2830.7777777777774
-2841.7777777777774
-2852.7777777777774
-2863.7777777777774
-2874.7777777777774
-2885.7777777777774
-2896.7777777777774
-2907.7777777777774
-2918.7777777777774
-2929.7777777777774
-2940.7777777777774
-2951.7777777777774
-2962.7777777777774
-2973.7777777777774
-2984.7777777777774
-2995.7777777777774
-3006.7777777777774
-3017.7777777777774
-3028.7777777777774
-3039.7777777777774
-3050.7777777777774
-3061.7777777777774
-3072.7777777777774
-3083.7777777777774
-3094.7777777777774
-3105.7777777777774
-3116.7777777777774
-3127.7777777777774
-3138.7777777777774
-3149.7777777777774
-3160.7777777777774
-3171.7777777777774
-3182.7777777777774
-3193.7777777777774
-3175.7777777777774
-3186.7777777777774
-3158.4444444444443
-3169.4444444444443
-3180.4444444444443
-3191.4444444444443
-3202.4444444444443
-3184.4444444444443
-3195.4444444444443
-3206.4444444444443
-3217.4444444444443
-3228.4444444444443
-3239.4444444444443
-3250.4444444444443
-3203.4444444444443
-3214.4444444444443
-3225.4444444444443
-3207.4444444444443
-3218.4444444444443
-3229.4444444444443
-3240.4444444444443
-3251.4444444444443
-3262.4444444444443
-3273.4444444444443
-3284.4444444444443
-3237.4444444444443
-3248.4444444444443
-3259.4444444444443
-3270.4444444444443
-3281.4444444444443
-3292.4444444444443
-3303.4444444444443
-3314.4444444444443
-3325.4444444444443
-3336.4444444444443
-3347.4444444444443
-3358.4444444444443
-3369.4444444444443
-3380.4444444444443
-3391.4444444444443
-3402.4444444444443
-3413.4444444444443
-3424.4444444444443
-3401.873015873016
-3412.873015873016
-3423.873015873016
-3434.873015873016
-3445.873015873016
-3456.873015873016
-3420.873015873016
-3402.873015873016
-3413.873015873016
-3424.873015873016
-3435.873015873016
-3388.873015873016
-3366.3015873015875
-3377.3015873015875
-3388.3015873015875
-3399.3015873015875
-3376.730158730159
-3329.730158730159
-3340.730158730159
-3351.730158730159
-3362.730158730159
-3373.730158730159
-3384.730158730159
-3395.730158730159
-3406.730158730159
-3359.730158730159
-3370.730158730159
-3381.730158730159
-3392.730158730159
-3403.730158730159
-3414.730158730159
-3315.730158730159
-3326.730158730159
-3337.730158730159
-3348.730158730159
-3359.730158730159
-3370.730158730159
-3381.730158730159
-3392.730158730159
-3403.730158730159
-3414.730158730159
-3425.730158730159
-3436.730158730159
-3447.730158730159
-3436.730158730159
-3447.730158730159
-3458.730158730159
-3469.730158730159
-3480.730158730159
-3491.730158730159
-3502.730158730159
-3513.730158730159
-3524.730158730159
-3535.730158730159
-3546.730158730159
-3532.5079365079364
-3543.5079365079364
-3478.8412698412694
-3489.8412698412694
-3500.8412698412694
-3511.8412698412694
-3522.8412698412694
-3533.8412698412694
-3544.8412698412694
-3555.8412698412694
-3566.8412698412694
-3577.8412698412694
-3588.8412698412694
-3599.8412698412694
-3610.8412698412694
-3621.8412698412694
-3632.8412698412694
-3643.8412698412694
-3654.8412698412694
-3665.8412698412694
-3676.8412698412694
-3687.8412698412694
-3698.8412698412694
-3709.8412698412694
-3662.8412698412694
-3648.619047619047
-3620.2857142857138
-3631.2857142857138
-3642.2857142857138
-3653.2857142857138
-3664.2857142857138
-3675.2857142857138
-3686.2857142857138
-3697.2857142857138
-3708.2857142857138
-3719.2857142857138
-3730.2857142857138
-3741.2857142857138
-3752.2857142857138
-3763.2857142857138
-3774.2857142857138
-3785.2857142857138
-3796.2857142857138
-3807.2857142857138
-3818.2857142857138
-3829.2857142857138
-3840.2857142857138
-3851.2857142857138
-3862.2857142857138
-3873.2857142857138
-3884.2857142857138
-3895.2857142857138
-3906.2857142857138
-3917.2857142857138
-3928.2857142857138
-3892.2857142857138
-3903.2857142857138
-3914.2857142857138
