-11
-22
-33
-44
-55
-66
-77
-88
-99
-110
-121
-132
-143
-154
-165
-176
-187
-198
-209
-220
-231
-242
-253
-264
-275
-286
-297
-308
-319
-330
-341
-352
-363
-374
-385
-396
-407
-418
-429
-440
-451
-462
-473
-484
-495
-506
-517
-528
-481.0
-492.0
-503.0
-514.0
-525.0
-536.0
-518.0
-529.0
-493.0
-504.0
-515.0
-526.0
-537.0
-548.0
-537.0
-548.0
-559.0
-460.0
-471.0
-482.0
-493.0
-504.0
-475.66666666666663
-486.66666666666663
-497.66666666666663
-508.66666666666663
-519.6666666666666
-530.6666666666666
-541.6666666666666
-523.6666666666666
-534.6666666666666
-545.6666666666666
-556.6666666666666
-567.6666666666666
-578.6666666666666
-564.4444444444445
-575.4444444444445
-586.4444444444445
-597.4444444444445
-608.4444444444445
-561.4444444444445
-572.4444444444445
-583.4444444444445
-594.4444444444445
-576.4444444444445
-587.4444444444445
-598.4444444444445
-587.4444444444445
-598.4444444444445
-609.4444444444445
-620.4444444444445
-631.4444444444445
-642.4444444444445
-653.4444444444445
-664.4444444444445
-675.4444444444445
-652.8730158730158
-616.8730158730158
-627.8730158730158
-638.8730158730158
-649.8730158730158
-660.8730158730158
-671.8730158730158
-682.8730158730158
-693.8730158730158
-671.3015873015871
-682.3015873015871
-693.3015873015871
-704.3015873015871
-715.3015873015871
-726.3015873015871
-737.3015873015871
-748.3015873015871
-759.3015873015871
-770.3015873015871
-781.3015873015871
-792.3015873015871
-727.6349206349204
-738.6349206349204
-749.6349206349204
-760.6349206349204
-771.6349206349204
-782.6349206349204
-793.6349206349204
-804.6349206349204
-815.6349206349204
-826.6349206349204
-837.6349206349204
-848.6349206349204
-859.6349206349204
-870.6349206349204
-881.6349206349204
-892.6349206349204
-903.6349206349204
-914.6349206349204
-925.6349206349204
-936.6349206349204
-947.6349206349204
-929.6349206349204
-940.6349206349204
-951.6349206349204
-962.6349206349204
-973.6349206349204
-984.6349206349204
-995.6349206349204
-1006.6349206349204
-1017.6349206349204
-1028.6349206349205
-1039.6349206349205
-1011.3015873015871
-1022.3015873015871
-1033.301587301587
-1044.301587301587
-1055.301587301587
-1066.301587301587
-1077.301587301587
-1088.301587301587
-1099.301587301587
-1110.301587301587
-1063.301587301587
-1074.301587301587
-1085.301587301587
-1056.9682539682535
-1067.9682539682535
-1078.9682539682535
-1089.9682539682535
-1100.9682539682535
-1111.9682539682535
-1122.9682539682535
-1133.9682539682535
-1144.9682539682535
-1155.9682539682535
-1166.9682539682535
-1177.9682539682535
-1188.9682539682535
-1199.9682539682535
-1210.9682539682535
-1221.9682539682535
-1232.9682539682535
-1243.9682539682535
-1254.9682539682535
-1265.9682539682535
-1276.9682539682535
-1287.9682539682535
-1298.9682539682535
-1309.9682539682535
-1320.9682539682535
-1331.9682539682535
-1303.63492063492
-1314.63492063492
-1325.63492063492
-1289.63492063492
-1300.63492063492
-1311.63492063492
-1322.63492063492
-1333.63492063492
-1344.63492063492
-1355.63492063492
-1366.63492063492
-1338.3015873015866
-1349.3015873015866
-1360.3015873015866
-1371.3015873015866
-1382.3015873015866
-1393.3015873015866
-1404.3015873015866
-1415.3015873015866
-1426.3015873015866
-1437.3015873015866
-1448.3015873015866
-1459.3015873015866
-1470.3015873015866
-1481.3015873015866
-1492.3015873015866
-1503.3015873015866
-1514.3015873015866
-1525.3015873015866
-1460.63492063492
-1471.63492063492
-1482.63492063492
-1493.63492063492
-1482.63492063492
-1493.63492063492
-1504.63492063492
-1515.63492063492
-1526.63492063492
-1537.63492063492
-1548.63492063492
-1559.63492063492
-1570.63492063492
-1581.63492063492
-1592.63492063492
-1545.63492063492
-1556.63492063492
-1567.63492063492
-1539.3015873015866
-1550.3015873015866
-1561.3015873015866
-1572.3015873015866
-1583.3015873015866
-1594.3015873015866
-1605.3015873015866
-1616.3015873015866
-1627.3015873015866
-1604.730158730158
-1615.730158730158
-1626.730158730158
-1637.730158730158
-1648.730158730158
-1659.730158730158
-1670.730158730158
-1681.730158730158
-1692.730158730158
-1703.730158730158
-1714.730158730158
-1725.730158730158
-1736.730158730158
-1747.730158730158
-1758.730158730158
-1659.730158730158
-1670.730158730158
-1681.730158730158
-1692.730158730158
-1703.730158730158
-1714.730158730158
-1725.730158730158
-1736.730158730158
-1700.730158730158
-1711.730158730158
-1722.730158730158
-1733.730158730158
-1744.730158730158
-1755.730158730158
-1766.730158730158
-1777.730158730158
-1788.730158730158
-1799.730158730158
-1810.730158730158
-1821.730158730158
-1832.730158730158
-1843.730158730158
-1854.730158730158
-1865.730158730158
-1876.730158730158
-1887.730158730158
-1898.730158730158
-1909.730158730158
-1920.730158730158
-1931.730158730158
-1942.730158730158
-1953.730158730158
-1964.730158730158
-1975.730158730158
-1986.730158730158
-1997.730158730158
-2008.730158730158
-2019.730158730158
-2030.730158730158
-2041.730158730158
-2052.730158730158
-2063.730158730158
-2074.730158730158
-2085.730158730158
-2096.730158730158
-2107.730158730158
-2118.730158730158
-2129.730158730158
-2140.730158730158
-2151.730158730158
-2162.730158730158
-2173.730158730158
-2184.730158730158
-2195.730158730158
-2206.730158730158
-2217.730158730158
-2228.730158730158
-2239.730158730158
-2250.730158730158
-2261.730158730158
-2272.730158730158
-2283.730158730158
-2294.730158730158
-2305.730158730158
-2277.396825396825
-2288.396825396825
-2299.396825396825
-2310.396825396825
-2321.396825396825
-2332.396825396825
-2343.396825396825
-2354.396825396825
-2365.396825396825
-2376.396825396825
-2387.396825396825
-2398.396825396825
-2333.730158730158
-2344.730158730158
-2355.730158730158
-2366.730158730158
-2377.730158730158
-2388.730158730158
-2399.730158730158
-2410.730158730158
-2421.730158730158
-2432.730158730158
-2443.730158730158
-2425.730158730158
-2361.063492063491
-2372.063492063491
-2383.063492063491
-2394.063492063491
-2405.063492063491
-2416.063492063491
-2427.063492063491
-2416.063492063491
-2427.063492063491
-2438.063492063491
-2449.063492063491
-2460.063492063491
-2471.063492063491
-2482.063492063491
-2493.063492063491
-2464.730158730158
-2475.730158730158
-2486.730158730158
-2497.730158730158
-2508.730158730158
-2519.730158730158
-2530.730158730158
-2541.730158730158
-2552.730158730158
-2563.730158730158
-2574.730158730158
-2585.730158730158
-2596.730158730158
-2607.730158730158
-2618.730158730158
-2629.730158730158
-2640.730158730158
-2651.730158730158
-2662.730158730158
-2673.730158730158
-2659.5079365079355
-2670.5079365079355
-2681.5079365079355
-2582.5079365079355
-2593.5079365079355
-2604.5079365079355
-2615.5079365079355
-2626.5079365079355
-2637.5079365079355
-2648.5079365079355
-2659.5079365079355
-2670.5079365079355
-2681.5079365079355
-2692.5079365079355
-2703.5079365079355
-2714.5079365079355
-2725.5079365079355
-2711.285714285713
-2722.285714285713
-2657.619047619046
-2668.619047619046
-2679.619047619046
-2690.619047619046
-2701.619047619046
-2712.619047619046
-2723.619047619046
-2734.619047619046
-2745.619047619046
-2756.619047619046
-2767.619047619046
-2778.619047619046
-2789.619047619046
-2800.619047619046
-2811.619047619046
-2822.619047619046
-2833.619047619046
-2844.619047619046
-2855.619047619046
-2866.619047619046
-2877.619047619046
-2888.619047619046
-2899.619047619046
-2910.619047619046
-2921.619047619046
-2932.619047619046
-2943.619047619046
-2954.619047619046
-2965.619047619046
-2976.619047619046
-2987.619047619046
-2998.619047619046
-3009.619047619046
-3020.619047619046
-3031.619047619046
-3042.619047619046
-3053.619047619046
-3064.619047619046
-3075.619047619046
-3086.619047619046
-3097.619047619046
-3108.619047619046
-3119.619047619046
-3130.619047619046
-3141.619047619046
-3130.619047619046
-3141.619047619046
-3152.619047619046
-3163.619047619046
-3174.619047619046
-3185.619047619046
-3196.619047619046
-3207.619047619046
-3218.619047619046
-3229.619047619046
-3240.619047619046
-3251.619047619046
-3262.619047619046
-3273.619047619046
-3284.619047619046
-3295.619047619046
-3306.619047619046
-3317.619047619046
-3328.619047619046
-3339.619047619046
-3350.619047619046
-3285.952380952379
-3296.952380952379
-3307.952380952379
-3318.952380952379
-3282.952380952379
-3268.7301587301563
-3279.7301587301563
-3290.7301587301563
-3301.7301587301563
-3312.7301587301563
-3265.7301587301563
-3276.7301587301563
-3287.7301587301563
-3298.7301587301563
-3309.7301587301563
-3320.7301587301563
-3331.7301587301563
-3342.7301587301563
-3353.7301587301563
-3364.7301587301563
-3342.158730158728
-3353.158730158728
-3364.158730158728
-3375.158730158728
-3386.158730158728
-3397.158730158728
-3408.158730158728
-3419.158730158728
-3430.158730158728
-3441.158730158728
-3342.158730158728
-3353.158730158728
-3330.5873015872994
-3341.5873015872994
-3323.5873015872994
-3334.5873015872994
-3345.5873015872994
-3356.5873015872994
-3367.5873015872994
-3378.5873015872994
-3389.5873015872994
-3400.5873015872994
-3411.5873015872994
-3422.5873015872994
-3433.5873015872994
-3444.5873015872994
-3455.5873015872994
-3466.5873015872994
-3477.5873015872994
-3488.5873015872994
-3499.5873015872994
-3510.5873015872994
-3521.5873015872994
-3532.5873015872994
-3543.5873015872994
-3554.5873015872994
-3565.5873015872994
-3529.5873015872994
-3540.5873015872994
-3551.5873015872994
-3562.5873015872994
-3515.5873015872994
-3504.5873015872994
-3515.5873015872994
-3526.5873015872994
-3537.5873015872994
-3548.5873015872994
-3559.5873015872994
-3570.5873015872994
-3523.5873015872994
-3534.5873015872994
-3545.5873015872994
-3556.5873015872994
-3567.5873015872994
-3578.5873015872994
-3589.5873015872994
-3567.015873015871
-3578.015873015871
-3589.015873015871
-3600.015873015871
-3611.015873015871
-3622.015873015871
-3633.015873015871
-3644.015873015871
-3655.015873015871
-3637.015873015871
-3648.015873015871
-3659.015873015871
-3670.015873015871
-3681.015873015871
-3692.015873015871
-3703.015873015871
-3714.015873015871
-3725.015873015871
-3736.015873015871
-3747.015873015871
-3758.015873015871
-3769.015873015871
-3722.015873015871
-3733.015873015871
-3744.015873015871
-3733.015873015871
-3744.015873015871
-3755.015873015871
-3766.015873015871
-3777.015873015871
-3788.015873015871
-3799.015873015871
-3810.015873015871
-3821.015873015871
-3832.015873015871
-3843.015873015871
-3854.015873015871
-3865.015873015871
-3876.015873015871
-3887.015873015871
-3898.015873015871
-3909.015873015871
-3920.015873015871
-3931.015873015871
-3942.015873015871
-3953.015873015871
-3964.015873015871
-3975.015873015871
-3960.7936507936483
-3971.7936507936483
-3982.7936507936483
-3993.7936507936483
-4004.7936507936483
-4015.7936507936483
-4026.7936507936483
-4037.7936507936483
-3973.1269841269814
-3984.1269841269814
-3995.1269841269814
-4006.1269841269814
-4017.1269841269814
-4028.1269841269814
-4039.1269841269814
-4050.1269841269814
-4061.1269841269814
-4072.1269841269814
-4083.1269841269814
-4065.1269841269814
-4076.1269841269814
-4087.1269841269814
-4098.126984126981
-4109.126984126981
-4062.1269841269814
-4073.1269841269814
-4084.1269841269814
-4095.1269841269814
-4106.126984126981
-4117.126984126981
-4128.126984126981
-4139.126984126981
-4150.126984126981
-4161.126984126981
-4172.126984126981
-4183.126984126981
-4194.126984126981
-4205.126984126981
-4216.126984126981
-4227.126984126981
-4238.126984126981
-4249.126984126981
-4184.460317460315
-4195.460317460315
-4206.460317460315
-4217.460317460315
-4228.460317460315
-4239.460317460315
-4250.460317460315
-4261.460317460315
-4272.460317460315
-4173.460317460315
-4137.460317460315
-4148.460317460315
-4159.460317460315
-4170.460317460315
-4181.460317460315
-4145.460317460315
-4156.460317460315
-4167.460317460315
-4178.460317460315
-4189.460317460315
-4200.460317460315
-4211.460317460315
-4222.460317460315
-4233.460317460315
-4219.238095238093
-4230.238095238093
-4241.238095238093
-4252.238095238093
-4263.238095238093
-4274.238095238093
-4285.238095238093
-4296.238095238093
-4307.238095238093
-4318.238095238093
-4329.238095238093
-4340.238095238093
-4351.238095238093
-4362.238095238093
-4373.238095238093
-4350.666666666663
-4361.666666666663
-4372.666666666663
-4383.666666666663
-4394.666666666663
-4405.666666666663
-4416.666666666663
-4427.666666666663
-4438.666666666663
-4449.666666666663
