-11
-22
6.333333333333336
105.33333333333334
94.33333333333334
83.33333333333334
182.33333333333334
171.33333333333334
189.33333333333334
288.33333333333337
277.33333333333337
266.33333333333337
365.33333333333337
354.33333333333337
365.33333333333337
354.33333333333337
390.33333333333337
379.33333333333337
401.9047619047619
390.9047619047619
489.9047619047619
478.9047619047619
467.9047619047619
532.5714285714286
521.5714285714286
510.57142857142856
499.57142857142856
488.57142857142856
511.1428571428571
575.8095238095239
564.8095238095239
553.8095238095239
542.8095238095239
531.8095238095239
520.8095238095239
509.80952380952385
574.4761904761906
563.4761904761906
552.4761904761906
541.4761904761906
530.4761904761906
541.4761904761906
530.4761904761906
519.4761904761906
508.4761904761906
497.4761904761906
544.4761904761906
533.4761904761906
580.4761904761906
569.4761904761906
558.4761904761906
547.4761904761906
536.4761904761906
525.4761904761906
514.4761904761906
503.4761904761906
492.4761904761906
481.4761904761906
470.4761904761906
459.4761904761906
448.4761904761906
437.4761904761906
426.4761904761906
525.4761904761906
514.4761904761906
613.4761904761906
602.4761904761906
591.4761904761906
580.4761904761906
679.4761904761906
668.4761904761906
657.4761904761906
646.4761904761906
635.4761904761906
624.4761904761906
613.4761904761906
602.4761904761906
591.4761904761906
580.4761904761906
569.4761904761906
558.4761904761906
547.4761904761906
536.4761904761906
525.4761904761906
590.1428571428573
579.1428571428573
568.1428571428573
667.1428571428573
656.1428571428573
645.1428571428573
634.1428571428573
623.1428571428573
612.1428571428573
601.1428571428573
590.1428571428573
579.1428571428573
568.1428571428573
667.1428571428573
656.1428571428573
645.1428571428573
634.1428571428573
623.1428571428573
612.1428571428573
601.1428571428573
590.1428571428573
579.1428571428573
568.1428571428573
557.1428571428573
546.1428571428573
535.1428571428573
524.1428571428573
552.4761904761906
617.1428571428573
606.1428571428573
595.1428571428573
584.1428571428573
573.1428571428573
562.1428571428573
551.1428571428573
540.1428571428573
529.1428571428573
518.1428571428573
617.1428571428573
606.1428571428573
595.1428571428573
584.1428571428573
573.1428571428573
562.1428571428573
551.1428571428573
540.1428571428573
604.8095238095241
593.8095238095241
582.8095238095241
571.8095238095241
560.8095238095241
549.8095238095241
538.8095238095241
527.8095238095241
516.8095238095241
581.4761904761908
570.4761904761908
559.4761904761908
548.4761904761908
537.4761904761908
526.4761904761908
625.4761904761908
614.4761904761908
603.4761904761908
592.4761904761908
581.4761904761908
570.4761904761908
617.4761904761908
606.4761904761908
595.4761904761908
584.4761904761908
573.4761904761908
562.4761904761908
661.4761904761908
650.4761904761908
639.4761904761908
628.4761904761908
617.4761904761908
606.4761904761908
595.4761904761908
660.1428571428576
649.1428571428576
638.1428571428576
627.1428571428576
616.1428571428576
605.1428571428576
594.1428571428576
583.1428571428576
572.1428571428576
594.7142857142862
583.7142857142862
572.7142857142862
561.7142857142862
550.7142857142862
539.7142857142862
528.7142857142862
517.7142857142862
506.71428571428623
495.71428571428623
484.71428571428623
473.71428571428623
462.71428571428623
451.71428571428623
440.71428571428623
429.71428571428623
418.71428571428623
407.71428571428623
396.71428571428623
385.71428571428623
414.0476190476196
478.71428571428623
467.71428571428623
532.3809523809529
521.3809523809529
568.3809523809529
557.3809523809529
546.3809523809529
535.3809523809529
524.3809523809529
513.3809523809529
502.38095238095286
601.3809523809529
590.3809523809529
579.3809523809529
568.3809523809529
604.3809523809529
593.3809523809529
582.3809523809529
571.3809523809529
593.9523809523815
582.9523809523815
571.9523809523815
560.9523809523815
549.9523809523815
538.9523809523815
527.9523809523815
563.9523809523815
552.9523809523815
541.9523809523815
530.9523809523815
519.9523809523815
508.95238095238153
607.9523809523815
596.9523809523815
632.9523809523815
731.9523809523815
720.9523809523815
709.9523809523815
698.9523809523815
687.9523809523815
676.9523809523815
665.9523809523815
654.9523809523815
643.9523809523815
632.9523809523815
621.9523809523815
610.9523809523815
599.9523809523815
588.9523809523815
687.9523809523815
676.9523809523815
665.9523809523815
688.5238095238102
677.5238095238102
666.5238095238102
655.5238095238102
644.5238095238102
633.5238095238102
698.1904761904769
687.1904761904769
676.1904761904769
775.1904761904769
764.1904761904769
753.1904761904769
742.1904761904769
731.1904761904769
720.1904761904769
709.1904761904769
698.1904761904769
687.1904761904769
676.1904761904769
665.1904761904769
654.1904761904769
643.1904761904769
632.1904761904769
621.1904761904769
610.1904761904769
599.1904761904769
588.1904761904769
616.5238095238102
605.5238095238102
641.5238095238102
706.1904761904769
805.1904761904769
794.1904761904769
783.1904761904769
772.1904761904769
836.8571428571437
825.8571428571437
814.8571428571437
803.8571428571437
792.8571428571437
781.8571428571437
770.8571428571437
806.8571428571437
795.8571428571437
784.8571428571437
773.8571428571437
762.8571428571437
751.8571428571437
740.8571428571437
729.8571428571437
718.8571428571437
707.8571428571437
696.8571428571437
795.8571428571437
784.8571428571437
773.8571428571437
762.8571428571437
751.8571428571437
740.8571428571437
769.1904761904769
758.1904761904769
747.1904761904769
846.1904761904769
835.1904761904769
882.1904761904769
871.1904761904769
860.1904761904769
849.1904761904769
838.1904761904769
827.1904761904769
816.1904761904769
805.1904761904769
794.1904761904769
783.1904761904769
797.4126984126991
786.4126984126991
775.4126984126991
803.7460317460324
792.7460317460324
781.7460317460324
880.7460317460324
869.7460317460324
968.7460317460324
957.7460317460324
946.7460317460324
935.7460317460324
953.7460317460324
942.7460317460324
931.7460317460324
920.7460317460324
909.7460317460324
898.7460317460324
887.7460317460324
876.7460317460324
865.7460317460324
854.7460317460324
953.7460317460324
942.7460317460324
931.7460317460324
920.7460317460324
909.7460317460324
898.7460317460324
887.7460317460324
986.7460317460324
975.7460317460324
964.7460317460324
953.7460317460324
942.7460317460324
931.7460317460324
920.7460317460324
938.7460317460324
927.7460317460324
916.7460317460324
952.7460317460324
941.7460317460324
930.7460317460324
919.7460317460324
908.7460317460324
897.7460317460324
886.7460317460324
875.7460317460324
864.7460317460324
853.7460317460324
842.7460317460324
831.7460317460324
820.7460317460324
809.7460317460324
798.7460317460324
787.7460317460324
776.7460317460324
765.7460317460324
754.7460317460324
743.7460317460324
808.4126984126991
819.4126984126991
808.4126984126991
797.4126984126991
833.4126984126991
932.4126984126991
921.4126984126991
910.4126984126991
899.4126984126991
888.4126984126991
877.4126984126991
866.4126984126991
855.4126984126991
844.4126984126991
943.4126984126991
932.4126984126991
921.4126984126991
910.4126984126991
899.4126984126991
888.4126984126991
910.9841269841278
899.9841269841278
888.9841269841278
987.9841269841278
976.9841269841278
965.9841269841278
994.317460317461
983.317460317461
972.317460317461
961.317460317461
950.317460317461
939.317460317461
1003.9841269841278
992.9841269841278
1057.6507936507944
1122.317460317461
1111.317460317461
1100.317460317461
1089.317460317461
1078.317460317461
1067.317460317461
1131.9841269841274
1120.9841269841274
1109.9841269841274
1098.9841269841274
1197.9841269841274
1186.9841269841274
1175.9841269841274
1211.9841269841274
1200.9841269841274
1189.9841269841274
1178.9841269841274
1243.650793650794
1232.650793650794
1221.650793650794
1210.650793650794
1199.650793650794
1235.650793650794
1224.650793650794
1213.650793650794
1202.650793650794
1267.3174603174605
1256.3174603174605
1245.3174603174605
1234.3174603174605
1223.3174603174605
1212.3174603174605
1201.3174603174605
1190.3174603174605
1179.3174603174605
1168.3174603174605
1157.3174603174605
1146.3174603174605
1245.3174603174605
1234.3174603174605
1333.3174603174605
1322.3174603174605
1311.3174603174605
1300.3174603174605
1289.3174603174605
1278.3174603174605
1267.3174603174605
1256.3174603174605
1245.3174603174605
1234.3174603174605
1223.3174603174605
1259.3174603174605
1248.3174603174605
1237.3174603174605
1226.3174603174605
1325.3174603174605
1314.3174603174605
1303.3174603174605
1314.3174603174605
1303.3174603174605
1292.3174603174605
1391.3174603174605
1380.3174603174605
1369.3174603174605
1358.3174603174605
1376.3174603174605
1365.3174603174605
1464.3174603174605
1453.3174603174605
1442.3174603174605
1541.3174603174605
1530.3174603174605
1519.3174603174605
1508.3174603174605
1497.3174603174605
1486.3174603174605
1475.3174603174605
1464.3174603174605
1453.3174603174605
1442.3174603174605
1541.3174603174605
1530.3174603174605
1519.3174603174605
1508.3174603174605
1497.3174603174605
1486.3174603174605
1475.3174603174605
1464.3174603174605
1453.3174603174605
1442.3174603174605
1431.3174603174605
1420.3174603174605
1409.3174603174605
1398.3174603174605
1387.3174603174605
1376.3174603174605
1440.984126984127
1429.984126984127
1418.984126984127
1407.984126984127
1396.984126984127
1495.984126984127
1594.984126984127
1583.984126984127
1572.984126984127
1561.984126984127
1550.984126984127
1539.984126984127
1528.984126984127
1517.984126984127
1506.984126984127
1495.984126984127
1484.984126984127
1473.984126984127
1509.984126984127
1498.984126984127
1487.984126984127
1476.984126984127
1465.984126984127
1454.984126984127
1443.984126984127
1466.5555555555554
1455.5555555555554
1554.5555555555554
1543.5555555555554
1532.5555555555554
1521.5555555555554
1620.5555555555554
1609.5555555555554
1598.5555555555554
1587.5555555555554
1576.5555555555554
1565.5555555555554
1554.5555555555554
1543.5555555555554
1532.5555555555554
1631.5555555555554
1620.5555555555554
1609.5555555555554
1645.5555555555554
1634.5555555555554
1623.5555555555554
1612.5555555555554
1601.5555555555554
1590.5555555555554
1655.222222222222
1644.222222222222
1633.222222222222
1622.222222222222
1611.222222222222
1625.4444444444441
1614.4444444444441
1637.0158730158726
1626.0158730158726
1615.0158730158726
1604.0158730158726
1668.682539682539
1657.682539682539
1646.682539682539
1635.682539682539
1624.682539682539
1613.682539682539
1602.682539682539
1591.682539682539
1580.682539682539
1679.682539682539
1668.682539682539
1657.682539682539
1646.682539682539
1635.682539682539
1624.682539682539
1613.682539682539
1602.682539682539
1613.682539682539
1602.682539682539
1591.682539682539
1580.682539682539
1569.682539682539
1558.682539682539
1547.682539682539
1576.0158730158726
1604.349206349206
1593.349206349206
1582.349206349206
1618.349206349206
1654.349206349206
1643.349206349206
1632.349206349206
1621.349206349206
1610.349206349206
1599.349206349206
1588.349206349206
1577.349206349206
1595.349206349206
1694.349206349206
1683.349206349206
1672.349206349206
1661.349206349206
1650.349206349206
1639.349206349206
1628.349206349206
1617.349206349206
1606.349206349206
1595.349206349206
1584.349206349206
1573.349206349206
1562.349206349206
1661.349206349206
1650.349206349206
1639.349206349206
1628.349206349206
1617.349206349206
1606.349206349206
1595.349206349206
1584.349206349206
1573.349206349206
1584.349206349206
1573.349206349206
1562.349206349206
1551.349206349206
1616.0158730158726
1605.0158730158726
1594.0158730158726
1583.0158730158726
1572.0158730158726
1561.0158730158726
1550.0158730158726
1649.0158730158726
1638.0158730158726
1627.0158730158726
1616.0158730158726
1605.0158730158726
1594.0158730158726
1583.0158730158726
1682.0158730158726
1671.0158730158726
1660.0158730158726
1649.0158730158726
1638.0158730158726
1627.0158730158726
1616.0158730158726
1605.0158730158726
1594.0158730158726
1693.0158730158726
1682.0158730158726
1781.0158730158726
1770.0158730158726
1792.587301587301
1781.587301587301
1770.587301587301
1759.587301587301
1748.587301587301
1737.587301587301
1802.2539682539675
1791.2539682539675
1890.2539682539675
1879.2539682539675
1868.2539682539675
1857.2539682539675
1846.2539682539675
1835.2539682539675
1824.2539682539675
1813.2539682539675
1802.2539682539675
1791.2539682539675
1780.2539682539675
1769.2539682539675
1758.2539682539675
1805.2539682539675
1794.2539682539675
1816.825396825396
1805.825396825396
1794.825396825396
1783.825396825396
1882.825396825396
1871.825396825396
1860.825396825396
1849.825396825396
1838.825396825396
1827.825396825396
1816.825396825396
1805.825396825396
1794.825396825396
1859.4920634920625
1848.4920634920625
1837.4920634920625
1826.4920634920625
1815.4920634920625
1804.4920634920625
1793.4920634920625
1782.4920634920625
1881.4920634920625
1870.4920634920625
1859.4920634920625
1848.4920634920625
1837.4920634920625
1826.4920634920625
1815.4920634920625
1804.4920634920625
1793.4920634920625
1782.4920634920625
1847.158730158729
1946.158730158729
1935.158730158729
1924.158730158729
1913.158730158729
1902.158730158729
1938.158730158729
1927.158730158729
1916.158730158729
1905.158730158729
1894.158730158729
1883.158730158729
1872.158730158729
1861.158730158729
1850.158730158729
1949.158730158729
1938.158730158729
1927.158730158729
1916.158730158729
1905.158730158729
1894.158730158729
1883.158730158729
1872.158730158729
1861.158730158729
1850.158730158729
1914.8253968253955
