-11
-22
-33
-44
-55
-66
-77
-88
-99
-110
-121
-132
-143
-154
-165
-176
-187
-198
-209
-220
-231
-242
-253
-264
-275
-286
-297
-308
-319
-330
-341
-352
-363
-374
-385
-396
-381.7777777777778
-363.7777777777778
-374.7777777777778
-385.7777777777778
-396.7777777777778
-407.7777777777778
-418.7777777777778
-429.7777777777778
-440.7777777777778
-451.7777777777778
-462.7777777777778
-473.7777777777778
-484.7777777777778
-495.7777777777778
-506.7777777777778
-517.7777777777778
-528.7777777777778
-539.7777777777778
-550.7777777777778
-561.7777777777778
-572.7777777777778
-583.7777777777778
-594.7777777777778
-605.7777777777778
-616.7777777777778
-588.4444444444446
-599.4444444444446
-610.4444444444446
-621.4444444444446
-632.4444444444446
-643.4444444444446
-654.4444444444446
-665.4444444444446
-676.4444444444446
-687.4444444444446
-698.4444444444446
-709.4444444444446
-673.4444444444446
-684.4444444444446
-695.4444444444446
-706.4444444444446
-717.4444444444446
-728.4444444444446
-739.4444444444446
-750.4444444444446
-761.4444444444446
-772.4444444444446
-783.4444444444446
-794.4444444444446
-805.4444444444446
-816.4444444444446
-827.4444444444446
-838.4444444444446
-849.4444444444446
-860.4444444444446
-871.4444444444446
-882.4444444444446
-893.4444444444446
-904.4444444444446
-915.4444444444446
-926.4444444444446
-937.4444444444446
-948.4444444444446
-959.4444444444446
-970.4444444444446
-981.4444444444446
-967.2222222222224
-978.2222222222224
-989.2222222222224
-1000.2222222222224
-1011.2222222222224
-1022.2222222222224
-1033.2222222222224
-1044.2222222222224
-1055.2222222222224
-956.2222222222224
-967.2222222222224
-978.2222222222224
-989.2222222222224
-1000.2222222222224
-1011.2222222222224
-912.2222222222224
-923.2222222222224
-909.0000000000002
-920.0000000000002
-931.0000000000002
-942.0000000000002
-953.0000000000002
-964.0000000000002
-935.666666666667
-946.666666666667
-957.666666666667
-968.666666666667
-979.666666666667
-990.666666666667
-1001.666666666667
-1012.666666666667
-1023.666666666667
-1034.666666666667
-1045.666666666667
-1056.666666666667
-1067.666666666667
-1056.666666666667
-1067.666666666667
-1078.666666666667
-1089.666666666667
-1025.0000000000005
-1036.0000000000005
-1047.0000000000005
-1058.0000000000005
-1069.0000000000005
-1080.0000000000005
-1091.0000000000005
-1102.0000000000005
-1113.0000000000005
-1124.0000000000005
-1135.0000000000005
-1146.0000000000005
-1157.0000000000005
-1168.0000000000005
-1179.0000000000005
-1114.333333333334
-1125.333333333334
-1136.333333333334
-1147.333333333334
-1158.333333333334
-1169.333333333334
-1180.333333333334
-1191.333333333334
-1202.333333333334
-1213.333333333334
-1224.333333333334
-1201.7619047619055
-1212.7619047619055
-1223.7619047619055
-1234.7619047619055
-1245.7619047619055
-1256.7619047619055
-1267.7619047619055
-1278.7619047619055
-1289.7619047619055
-1300.7619047619055
-1311.7619047619055
-1322.7619047619055
-1333.7619047619055
-1344.7619047619055
-1355.7619047619055
-1366.7619047619055
-1377.7619047619055
-1363.5396825396833
-1374.5396825396833
-1385.5396825396833
-1396.5396825396833
-1407.5396825396833
-1418.5396825396833
-1407.5396825396833
-1418.5396825396833
-1429.5396825396833
-1440.5396825396833
-1451.5396825396833
-1433.5396825396833
-1444.5396825396833
-1455.5396825396833
-1466.5396825396833
-1477.5396825396833
-1459.5396825396833
-1470.5396825396833
-1481.5396825396833
-1492.5396825396833
-1503.5396825396833
-1514.5396825396833
-1525.5396825396833
-1536.5396825396833
-1547.5396825396833
-1558.5396825396833
-1569.5396825396833
-1580.5396825396833
-1591.5396825396833
-1602.5396825396833
-1613.5396825396833
-1624.5396825396833
-1601.9682539682549
-1612.9682539682549
-1623.9682539682549
-1601.3968253968264
-1612.3968253968264
-1623.3968253968264
-1634.3968253968264
-1645.3968253968264
-1656.3968253968264
-1667.3968253968264
-1678.3968253968264
-1689.3968253968264
-1700.3968253968264
-1711.3968253968264
-1722.3968253968264
-1733.3968253968264
-1744.3968253968264
-1755.3968253968264
-1766.3968253968264
-1777.3968253968264
-1788.3968253968264
-1799.3968253968264
-1810.3968253968264
-1821.3968253968264
-1832.3968253968264
-1843.3968253968264
-1854.3968253968264
-1865.3968253968264
-1876.3968253968264
-1887.3968253968264
-1898.3968253968264
-1909.3968253968264
-1920.3968253968264
-1931.3968253968264
-1908.825396825398
-1919.825396825398
-1930.825396825398
-1941.825396825398
-1952.825396825398
-1963.825396825398
-1974.825396825398
-1985.825396825398
-1996.825396825398
-2007.825396825398
-2018.825396825398
-2029.825396825398
-2040.825396825398
-2051.825396825398
-2062.825396825398
-2073.825396825398
-2084.825396825398
-2095.825396825398
-2106.825396825398
-2117.825396825398
-2103.6031746031754
-2067.6031746031754
-2078.6031746031754
-2089.6031746031754
-2100.6031746031754
-2111.6031746031754
-2122.6031746031754
-2133.6031746031754
-2144.6031746031754
-2155.6031746031754
-2166.6031746031754
-2177.6031746031754
-2188.6031746031754
-2199.6031746031754
-2210.6031746031754
-2221.6031746031754
-2232.6031746031754
-2243.6031746031754
-2254.6031746031754
-2265.6031746031754
-2276.6031746031754
-2287.6031746031754
-2298.6031746031754
-2309.6031746031754
-2320.6031746031754
-2331.6031746031754
-2342.6031746031754
-2353.6031746031754
-2364.6031746031754
-2375.6031746031754
-2386.6031746031754
-2397.6031746031754
-2408.6031746031754
-2419.6031746031754
-2430.6031746031754
-2441.6031746031754
-2452.6031746031754
-2463.6031746031754
-2474.6031746031754
-2485.6031746031754
-2496.6031746031754
-2507.6031746031754
-2518.6031746031754
-2529.6031746031754
-2540.6031746031754
-2551.6031746031754
-2562.6031746031754
-2573.6031746031754
-2584.6031746031754
-2595.6031746031754
-2606.6031746031754
-2617.6031746031754
-2628.6031746031754
-2563.9365079365084
-2574.9365079365084
-2510.2698412698414
-2521.2698412698414
-2532.2698412698414
-2543.2698412698414
-2554.2698412698414
-2565.2698412698414
-2576.2698412698414
-2587.2698412698414
-2598.2698412698414
-2575.698412698413
-2586.698412698413
-2597.698412698413
-2608.698412698413
-2619.698412698413
-2630.698412698413
-2641.698412698413
-2652.698412698413
-2663.698412698413
-2674.698412698413
-2685.698412698413
-2696.698412698413
-2707.698412698413
-2718.698412698413
-2729.698412698413
-2740.698412698413
-2751.698412698413
-2762.698412698413
-2740.1269841269846
-2751.1269841269846
-2762.1269841269846
-2773.1269841269846
-2784.1269841269846
-2795.1269841269846
-2806.1269841269846
-2817.1269841269846
-2828.1269841269846
-2839.1269841269846
-2850.1269841269846
-2861.1269841269846
-2832.7936507936515
-2843.7936507936515
-2854.7936507936515
-2865.7936507936515
-2876.7936507936515
-2887.7936507936515
-2898.7936507936515
-2909.7936507936515
-2920.7936507936515
-2931.7936507936515
-2942.7936507936515
-2953.7936507936515
-2964.7936507936515
-2975.7936507936515
-2947.4603174603185
-2958.4603174603185
-2935.88888888889
-2946.88888888889
-2957.88888888889
-2968.88888888889
-2979.88888888889
-2990.88888888889
-3001.88888888889
-3012.88888888889
-2976.88888888889
-2987.88888888889
-2998.88888888889
-3009.88888888889
-3020.88888888889
-2998.3174603174616
-3009.3174603174616
-3020.3174603174616
-3031.3174603174616
-3042.3174603174616
-2943.3174603174616
-2954.3174603174616
-2965.3174603174616
-2976.3174603174616
-2987.3174603174616
-2998.3174603174616
-3009.3174603174616
-3020.3174603174616
-3031.3174603174616
-3042.3174603174616
-3053.3174603174616
-3064.3174603174616
-3075.3174603174616
-3086.3174603174616
-3097.3174603174616
-3108.3174603174616
-3119.3174603174616
-3101.3174603174616
-3112.3174603174616
-3123.3174603174616
-3134.3174603174616
-3145.3174603174616
-3109.3174603174616
-3120.3174603174616
-3131.3174603174616
-3142.3174603174616
-3153.3174603174616
-3164.3174603174616
-3175.3174603174616
-3186.3174603174616
-3197.3174603174616
-3208.3174603174616
-3190.3174603174616
-3201.3174603174616
-3212.3174603174616
-3183.9841269841286
-3161.4126984127
-3172.4126984127
-3183.4126984127
-3194.4126984127
-3205.4126984127
-3216.4126984127
-3227.4126984127
-3238.4126984127
-3173.746031746033
-3184.746031746033
-3195.746031746033
-3206.746031746033
-3217.746031746033
-3195.1746031746047
-3206.1746031746047
-3217.1746031746047
-3228.1746031746047
-3239.1746031746047
-3250.1746031746047
-3261.1746031746047
-3272.1746031746047
-3283.1746031746047
-3294.1746031746047
-3305.1746031746047
-3316.1746031746047
-3327.1746031746047
-3338.1746031746047
-3349.1746031746047
-3360.1746031746047
-3371.1746031746047
-3382.1746031746047
-3393.1746031746047
-3404.1746031746047
-3389.952380952382
-3400.952380952382
-3411.952380952382
-3422.952380952382
-3433.952380952382
-3444.952380952382
-3455.952380952382
-3444.952380952382
-3455.952380952382
-3466.952380952382
-3477.952380952382
-3466.952380952382
-3430.952380952382
-3441.952380952382
-3452.952380952382
-3463.952380952382
-3474.952380952382
-3460.7301587301595
-3471.7301587301595
-3482.7301587301595
-3493.7301587301595
-3482.7301587301595
-3493.7301587301595
-3504.7301587301595
-3515.7301587301595
-3526.7301587301595
-3537.7301587301595
-3548.7301587301595
-3559.7301587301595
-3548.7301587301595
-3559.7301587301595
-3570.7301587301595
-3581.7301587301595
-3592.7301587301595
-3603.7301587301595
-3614.7301587301595
-3625.7301587301595
-3636.7301587301595
-3647.7301587301595
-3658.7301587301595
-3669.7301587301595
-3680.7301587301595
-3691.7301587301595
-3702.7301587301595
-3713.7301587301595
-3724.7301587301595
-3735.7301587301595
-3746.7301587301595
-3757.7301587301595
-3768.7301587301595
-3779.7301587301595
-3768.7301587301595
-3779.7301587301595
-3790.7301587301595
-3801.7301587301595
-3812.7301587301595
-3823.7301587301595
-3812.7301587301595
-3823.7301587301595
-3834.7301587301595
-3845.7301587301595
-3856.7301587301595
-3867.7301587301595
-3878.7301587301595
-3889.7301587301595
-3900.7301587301595
-3911.7301587301595
-3897.507936507937
-3908.507936507937
-3919.507936507937
-3930.507936507937
-3941.507936507937
-3952.507936507937
-3963.507936507937
-3974.507936507937
-3985.507936507937
-3996.507936507937
-4007.507936507937
-4018.507936507937
-4029.507936507937
-4040.507936507937
-4051.507936507937
-4062.507936507937
-4073.507936507937
-4084.507936507937
-4095.507936507937
-3996.5079365079364
-4007.5079365079364
-4018.5079365079364
-4029.5079365079364
-4040.5079365079364
-3941.5079365079364
-3952.5079365079364
-3934.5079365079364
-3945.5079365079364
-3956.5079365079364
-3967.5079365079364
-3978.5079365079364
-3989.5079365079364
-4000.5079365079364
-3986.2857142857138
-3963.7142857142853
-3974.7142857142853
-3985.7142857142853
-3996.7142857142853
-4007.7142857142853
-4018.7142857142853
-4029.7142857142853
-4040.7142857142853
-4051.7142857142853
-4062.7142857142853
-4073.7142857142853
-4084.7142857142853
-4095.7142857142853
-4106.714285714285
-4117.714285714285
-4128.714285714285
-4139.714285714285
-4150.714285714285
-4103.714285714285
-4114.714285714285
-4125.714285714285
-4136.714285714285
-4147.714285714285
-4158.714285714285
-4169.714285714285
-4070.7142857142853
-4081.7142857142853
-4092.7142857142853
-4103.714285714285
-4114.714285714285
-4125.714285714285
-4136.714285714285
-4147.714285714285
-4158.714285714285
-4169.714285714285
-4147.142857142856
-4158.142857142856
-4169.142857142856
-4180.142857142856
-4191.142857142856
-4202.142857142856
-4213.142857142856
-4224.142857142856
-4235.142857142856
-4246.142857142856
-4257.142857142856
-4268.142857142856
-4279.142857142856
-4290.142857142856
-4301.142857142856
-4312.142857142856
-4323.142857142856
-4334.142857142856
-4345.142857142856
-4356.142857142856
-4367.142857142856
-4378.142857142856
-4389.142857142856
-4400.142857142856
-4411.142857142856
-4422.142857142856
-4433.142857142856
-4444.142857142856
-4455.142857142856
-4466.142857142856
-4477.142857142856
-4488.142857142856
-4499.142857142856
-4510.142857142856
-4521.142857142856
-4532.142857142856
-4543.142857142856
-4554.142857142856
-4525.809523809522
-4536.809523809522
-4547.809523809522
-4558.809523809522
-4569.809523809522
-4580.809523809522
-4591.809523809522
-4602.809523809522
-4613.809523809522
-4591.238095238093
-4602.238095238093
-4613.238095238093
-4624.238095238093
-4635.238095238093
-4570.571428571427
-4581.571428571427
-4592.571428571427
-4603.571428571427
-4614.571428571427
-4625.571428571427
-4636.571428571427
-4647.571428571427
-4658.571428571427
-4669.571428571427
-4680.571428571427
-4691.571428571427
-4702.571428571427
-4713.571428571427
-4724.571428571427
-4735.571428571427
-4746.571428571427
-4757.571428571427
-4768.571428571427
-4779.571428571427
-4790.571428571427
-4801.571428571427
-4812.571428571427
-4776.571428571427
-4729.571428571427
-4740.571428571427
-4751.571428571427
-4762.571428571427
-4773.571428571427
