-11
-22
-33
-44
-55
-66
-77
-88
-99
-110
-121
-132
-143
-154
-165
-176
-187
-198
-209
-110.0
-121.0
-132.0
-143.0
-154.0
-165.0
-66.0
-77.0
-88.0
11.0
0.0
-11.0
88.0
77.0
113.0
102.0
91.0
80.0
69.0
58.0
47.0
111.66666666666669
100.66666666666669
89.66666666666669
78.66666666666669
67.66666666666669
166.66666666666669
155.66666666666669
144.66666666666669
191.66666666666669
180.66666666666669
169.66666666666669
158.66666666666669
147.66666666666669
136.66666666666669
125.66666666666669
114.66666666666669
103.66666666666669
92.66666666666669
81.66666666666669
70.66666666666669
59.666666666666686
48.666666666666686
37.666666666666686
84.66666666666669
73.66666666666669
62.666666666666686
51.666666666666686
40.666666666666686
29.666666666666686
18.666666666666686
7.666666666666686
-3.3333333333333144
-14.333333333333314
84.66666666666669
73.66666666666669
62.666666666666686
51.666666666666686
62.666666666666686
51.666666666666686
80.00000000000003
69.00000000000003
58.00000000000003
157.00000000000003
146.00000000000003
135.00000000000003
124.00000000000003
113.00000000000003
102.00000000000003
91.00000000000003
113.57142857142861
102.57142857142861
201.5714285714286
190.5714285714286
179.5714285714286
168.5714285714286
157.5714285714286
146.5714285714286
135.5714285714286
124.57142857142861
113.57142857142861
102.57142857142861
91.57142857142861
80.57142857142861
69.57142857142861
58.57142857142861
47.57142857142861
36.57142857142861
25.571428571428612
14.571428571428612
3.571428571428612
-7.428571428571388
-18.428571428571388
-29.428571428571388
-40.42857142857139
-51.42857142857139
-15.428571428571388
83.57142857142861
148.2380952380953
137.2380952380953
126.2380952380953
115.2380952380953
104.2380952380953
168.90476190476198
157.90476190476198
256.904761904762
245.90476190476198
234.90476190476198
223.90476190476198
212.90476190476198
201.90476190476198
300.904761904762
289.904761904762
278.904761904762
267.904761904762
256.904761904762
245.90476190476198
234.90476190476198
223.90476190476198
322.904761904762
311.904761904762
300.904761904762
289.904761904762
278.904761904762
267.904761904762
256.904761904762
271.12698412698415
260.12698412698415
249.12698412698415
238.12698412698415
227.12698412698415
245.12698412698415
234.12698412698415
223.12698412698415
212.12698412698415
201.12698412698415
300.12698412698415
289.12698412698415
278.12698412698415
267.12698412698415
256.12698412698415
245.12698412698415
234.12698412698415
223.12698412698415
212.12698412698415
276.79365079365084
265.79365079365084
254.79365079365084
243.79365079365084
232.79365079365084
221.79365079365084
210.79365079365084
199.79365079365084
298.79365079365084
287.79365079365084
276.79365079365084
265.79365079365084
254.79365079365084
243.79365079365084
232.79365079365084
221.79365079365084
210.79365079365084
199.79365079365084
188.79365079365084
177.79365079365084
166.79365079365084
155.79365079365084
144.79365079365084
133.79365079365084
122.79365079365084
111.79365079365084
100.79365079365084
89.79365079365084
125.79365079365084
114.79365079365084
103.79365079365084
92.79365079365084
81.79365079365084
70.79365079365084
59.79365079365084
48.79365079365084
37.79365079365084
136.79365079365084
235.79365079365084
224.79365079365084
213.79365079365084
202.79365079365084
225.3650793650794
214.3650793650794
203.3650793650794
192.3650793650794
257.0317460317461
246.03174603174608
235.03174603174608
224.03174603174608
213.03174603174608
202.03174603174608
191.03174603174608
180.03174603174608
169.03174603174608
158.03174603174608
147.03174603174608
136.03174603174608
125.03174603174608
114.03174603174608
103.03174603174608
202.03174603174608
191.03174603174608
180.03174603174608
279.0317460317461
268.0317460317461
257.0317460317461
246.03174603174608
235.03174603174608
224.03174603174608
213.03174603174608
202.03174603174608
191.03174603174608
180.03174603174608
169.03174603174608
158.03174603174608
147.03174603174608
246.03174603174608
235.03174603174608
224.03174603174608
213.03174603174608
202.03174603174608
191.03174603174608
180.03174603174608
169.03174603174608
158.03174603174608
147.03174603174608
136.03174603174608
125.03174603174608
114.03174603174608
103.03174603174608
92.03174603174608
81.03174603174608
70.03174603174608
59.03174603174608
106.03174603174608
95.03174603174608
84.03174603174608
73.03174603174608
62.03174603174608
51.03174603174608
40.03174603174608
29.03174603174608
57.365079365079424
46.365079365079424
35.365079365079424
24.365079365079424
13.365079365079424
2.365079365079424
-8.634920634920576
-19.634920634920576
-30.634920634920576
-41.634920634920576
-52.634920634920576
-63.634920634920576
-74.63492063492058
-85.63492063492058
-96.63492063492058
-107.63492063492058
-118.63492063492058
-100.63492063492058
-72.30158730158723
-83.30158730158723
-94.30158730158723
-105.30158730158723
-116.30158730158723
-17.301587301587233
-28.301587301587233
-39.30158730158723
-50.30158730158723
-61.30158730158723
-72.30158730158723
26.698412698412767
15.698412698412767
4.698412698412767
-6.301587301587233
-17.301587301587233
5.26984126984134
-5.73015873015866
-16.73015873015866
-27.73015873015866
-38.730158730158664
-49.730158730158664
-60.730158730158664
-71.73015873015866
-82.73015873015866
16.269841269841336
5.269841269841336
-5.730158730158664
-16.730158730158664
-27.730158730158664
-38.730158730158664
-49.730158730158664
-31.730158730158664
-42.730158730158664
-53.730158730158664
-64.73015873015866
-75.73015873015866
-86.73015873015866
-97.73015873015866
-108.73015873015866
-119.73015873015866
-72.73015873015866
-83.73015873015866
-36.730158730158664
-47.730158730158664
-58.730158730158664
40.269841269841336
29.269841269841336
18.269841269841336
7.269841269841336
-3.7301587301586636
-14.730158730158664
-25.730158730158664
73.26984126984134
62.269841269841336
51.269841269841336
40.269841269841336
139.26984126984132
128.26984126984132
117.26984126984132
216.26984126984132
205.26984126984132
194.26984126984132
183.26984126984132
172.26984126984132
161.26984126984132
150.26984126984132
139.26984126984132
128.26984126984132
117.26984126984132
106.26984126984132
142.26984126984132
131.26984126984132
120.26984126984132
109.26984126984132
98.26984126984132
87.26984126984132
151.936507936508
140.936507936508
129.936507936508
118.93650793650801
107.93650793650801
96.93650793650801
85.93650793650801
74.93650793650801
63.93650793650801
52.93650793650801
41.93650793650801
30.936507936508008
19.936507936508008
8.936507936508008
-2.063492063491992
-13.063492063491992
-24.063492063491992
-35.06349206349199
-46.06349206349199
18.60317460317468
7.603174603174679
-3.396825396825321
95.60317460317468
84.60317460317468
73.60317460317468
62.60317460317468
51.60317460317468
40.60317460317468
29.60317460317468
18.60317460317468
29.60317460317468
18.60317460317468
7.603174603174679
-3.396825396825321
-14.39682539682532
3.603174603174679
-7.396825396825321
-18.39682539682532
-29.39682539682532
-40.39682539682532
-51.39682539682532
-37.17460317460309
-48.17460317460309
-59.17460317460309
-70.17460317460309
-81.17460317460309
-92.17460317460309
-103.17460317460309
-114.17460317460309
-125.17460317460309
-136.17460317460308
-113.6031746031745
-124.6031746031745
-135.6031746031745
-88.6031746031745
-99.6031746031745
-52.603174603174494
-63.603174603174494
-74.6031746031745
-85.6031746031745
-96.6031746031745
-107.6031746031745
-118.6031746031745
-129.6031746031745
-82.6031746031745
16.396825396825506
5.3968253968255055
-5.6031746031744945
-16.603174603174494
-27.603174603174494
-38.603174603174494
-49.603174603174494
-60.603174603174494
-71.6031746031745
-57.380952380952266
-68.38095238095227
-79.38095238095227
-90.38095238095227
-101.38095238095227
-112.38095238095227
-123.38095238095227
-134.38095238095227
-145.38095238095227
-156.38095238095227
-91.71428571428558
-102.71428571428558
-74.38095238095224
-85.38095238095224
-96.38095238095224
-107.38095238095224
-118.38095238095224
-129.38095238095224
-140.38095238095224
-151.38095238095224
-162.38095238095224
-97.71428571428555
-108.71428571428555
-119.71428571428555
-130.71428571428555
-141.71428571428555
-152.71428571428555
-163.71428571428555
-64.71428571428555
-75.71428571428555
-86.71428571428555
-97.71428571428555
-108.71428571428555
-119.71428571428555
-20.714285714285552
-31.714285714285552
-42.71428571428555
-53.71428571428555
-64.71428571428555
-75.71428571428555
-86.71428571428555
-97.71428571428555
-108.71428571428555
-119.71428571428555
-130.71428571428555
-141.71428571428555
-152.71428571428555
-163.71428571428555
-64.71428571428555
-75.71428571428555
-86.71428571428555
-97.71428571428555
-108.71428571428555
-119.71428571428555
-130.71428571428555
-141.71428571428555
-152.71428571428555
-163.71428571428555
-141.142857142857
-152.142857142857
-163.142857142857
-145.142857142857
-156.142857142857
-167.142857142857
-178.142857142857
-149.80952380952368
-160.80952380952368
-171.80952380952368
-182.80952380952368
-193.80952380952368
-204.80952380952368
-215.80952380952368
-226.80952380952368
-162.142857142857
-63.142857142857
-74.142857142857
-85.142857142857
-96.142857142857
-107.142857142857
-118.142857142857
-129.142857142857
-30.142857142856997
-41.142857142857
-52.142857142857
-63.142857142857
-74.142857142857
-85.142857142857
-96.142857142857
-107.142857142857
-118.142857142857
-129.142857142857
-140.142857142857
-151.142857142857
-162.142857142857
-144.142857142857
-45.142857142857
-56.142857142857
-67.142857142857
-78.142857142857
-89.142857142857
-100.142857142857
-111.142857142857
-122.142857142857
-133.142857142857
-34.142857142857
-45.142857142857
-56.142857142857
-67.142857142857
-78.142857142857
-89.142857142857
-100.142857142857
-111.142857142857
-122.142857142857
-133.142857142857
-97.142857142857
-108.142857142857
-119.142857142857
-130.142857142857
-141.142857142857
-152.142857142857
-163.142857142857
-174.142857142857
-185.142857142857
-196.142857142857
-207.142857142857
-218.142857142857
-229.142857142857
-240.142857142857
-141.142857142857
-152.142857142857
-163.142857142857
-174.142857142857
-185.142857142857
-196.142857142857
-207.142857142857
-218.142857142857
-229.142857142857
-240.142857142857
-251.142857142857
-262.142857142857
-163.142857142857
-174.142857142857
-185.142857142857
-196.142857142857
-207.142857142857
-218.142857142857
-229.142857142857
-240.142857142857
-251.142857142857
-262.142857142857
-273.142857142857
-284.142857142857
-295.142857142857
-196.142857142857
-207.142857142857
-218.142857142857
-229.142857142857
-240.142857142857
-251.142857142857
-240.142857142857
-251.142857142857
-204.142857142857
-215.142857142857
-226.142857142857
-197.80952380952368
-208.80952380952368
-219.80952380952368
-230.80952380952368
-241.80952380952368
-252.80952380952368
-263.8095238095237
-274.8095238095237
-285.8095238095237
-296.8095238095237
-307.8095238095237
-271.8095238095237
-253.80952380952368
-264.8095238095237
-275.8095238095237
-286.8095238095237
-297.8095238095237
-308.8095238095237
-286.2380952380951
-297.2380952380951
-308.2380952380951
-319.2380952380951
-272.2380952380951
-283.2380952380951
-294.2380952380951
-305.2380952380951
-316.2380952380951
-327.2380952380951
-338.2380952380951
-349.2380952380951
-360.2380952380951
-371.2380952380951
-382.2380952380951
-393.2380952380951
-404.2380952380951
-415.2380952380951
-316.2380952380951
-327.2380952380951
-338.2380952380951
-349.2380952380951
-360.2380952380951
-371.2380952380951
-382.2380952380951
-393.2380952380951
-404.2380952380951
-415.2380952380951
-426.2380952380951
-437.2380952380951
-448.2380952380951
-459.2380952380951
-470.2380952380951
-423.2380952380951
-434.2380952380951
-445.2380952380951
-456.2380952380951
-467.2380952380951
-478.2380952380951
-489.2380952380951
-500.2380952380951
-511.2380952380951
-522.2380952380952
-499.6666666666666
-510.6666666666666
-521.6666666666665
-532.6666666666665
-543.6666666666665
-554.6666666666665
-565.6666666666665
-576.6666666666665
-587.6666666666665
-598.6666666666665
-609.6666666666665
-510.6666666666665
-521.6666666666665
-532.6666666666665
-543.6666666666665
-554.6666666666665
-565.6666666666665
-576.6666666666665
-548.3333333333333
-559.3333333333333
-570.3333333333333
-581.3333333333333
-592.3333333333333
-603.3333333333333
-614.3333333333333
-625.3333333333333
-636.3333333333333
-537.3333333333333
-548.3333333333333
-559.3333333333333
-570.3333333333333
-581.3333333333333
-592.3333333333333
-556.3333333333333
-567.3333333333333
-578.3333333333333
-589.3333333333333
-600.3333333333333
-611.3333333333333
-622.3333333333333
-633.3333333333333
-644.3333333333333
-655.3333333333333
-627.0
-638.0
-649.0
-631.0
-642.0
-653.0
-664.0
-675.0
-576.0
-511.3333333333333
-522.3333333333333
-533.3333333333333
-544.3333333333333
-555.3333333333333
-566.3333333333333
-577.3333333333333
