-11
-22
-33
-44
-55
-66
-77
-88
-99
-88.0
-99.0
-110.0
-121.0
-132.0
-143.0
-154.0
-165.0
-176.0
-129.0
-140.0
-151.0
-162.0
-173.0
-184.0
-195.0
-206.0
-217.0
-228.0
-239.0
-250.0
-261.0
-272.0
-283.0
-294.0
-305.0
-258.0
-269.0
-280.0
-215.33333333333331
-226.33333333333331
-237.33333333333331
-248.33333333333331
-259.3333333333333
-270.3333333333333
-281.3333333333333
-292.3333333333333
-303.3333333333333
-314.3333333333333
-278.3333333333333
-249.99999999999997
-261.0
-272.0
-283.0
-294.0
-305.0
-316.0
-217.0
-228.0
-239.0
-250.0
-261.0
-250.0
-185.33333333333331
-196.33333333333331
-207.33333333333331
-218.33333333333331
-153.66666666666663
-54.66666666666663
-65.66666666666663
-76.66666666666663
-87.66666666666663
-98.66666666666663
-109.66666666666663
-120.66666666666663
-131.66666666666663
-142.66666666666663
-128.4444444444444
-139.4444444444444
-150.4444444444444
-161.4444444444444
-114.4444444444444
-125.4444444444444
-136.4444444444444
-147.4444444444444
-158.4444444444444
-135.87301587301585
-146.87301587301585
-157.87301587301585
-168.87301587301585
-179.87301587301585
-80.87301587301585
-91.87301587301585
-102.87301587301585
-113.87301587301585
-124.87301587301585
-135.87301587301585
-146.87301587301585
-157.87301587301585
-168.87301587301585
-179.87301587301585
-190.87301587301585
-201.87301587301585
-212.87301587301585
-223.87301587301585
-234.87301587301585
-245.87301587301585
-256.87301587301585
-267.87301587301585
-278.87301587301585
-179.87301587301585
-132.87301587301585
-143.87301587301585
-154.87301587301585
-165.87301587301585
-66.87301587301585
-77.87301587301585
-88.87301587301585
-99.87301587301585
-110.87301587301585
-121.87301587301585
-22.873015873015845
-33.873015873015845
-44.873015873015845
-55.873015873015845
-66.87301587301585
-77.87301587301585
-88.87301587301585
-41.873015873015845
57.126984126984155
46.126984126984155
35.126984126984155
24.126984126984155
13.126984126984155
2.126984126984155
-8.873015873015845
90.12698412698415
79.12698412698415
68.12698412698415
57.126984126984155
46.126984126984155
35.126984126984155
24.126984126984155
123.12698412698415
112.12698412698415
101.12698412698415
90.12698412698415
79.12698412698415
68.12698412698415
57.126984126984155
46.126984126984155
93.12698412698415
82.12698412698415
71.12698412698415
60.126984126984155
49.126984126984155
38.126984126984155
137.12698412698415
126.12698412698415
115.12698412698415
104.12698412698415
93.12698412698415
82.12698412698415
71.12698412698415
60.126984126984155
49.126984126984155
38.126984126984155
27.126984126984155
16.126984126984155
44.46031746031749
33.46031746031749
22.46031746031749
36.68253968253971
25.682539682539712
14.682539682539712
3.682539682539712
-7.317460317460288
-18.317460317460288
-29.317460317460288
-40.31746031746029
-51.31746031746029
47.68253968253971
36.68253968253971
25.682539682539712
14.682539682539712
113.68253968253971
102.68253968253971
131.01587301587304
120.01587301587304
109.01587301587304
98.01587301587304
197.01587301587304
186.01587301587304
175.01587301587304
164.01587301587304
263.015873015873
252.015873015873
241.015873015873
230.015873015873
219.015873015873
208.015873015873
197.015873015873
186.015873015873
175.015873015873
164.015873015873
228.6825396825397
217.6825396825397
206.6825396825397
195.6825396825397
184.6825396825397
173.6825396825397
162.6825396825397
151.6825396825397
140.6825396825397
129.6825396825397
118.6825396825397
147.015873015873
136.015873015873
125.01587301587301
114.01587301587301
103.01587301587301
167.6825396825397
156.6825396825397
145.6825396825397
244.6825396825397
233.6825396825397
222.6825396825397
211.6825396825397
200.6825396825397
299.6825396825397
288.6825396825397
277.6825396825397
266.6825396825397
255.6825396825397
244.6825396825397
233.6825396825397
222.6825396825397
211.6825396825397
200.6825396825397
189.6825396825397
178.6825396825397
167.6825396825397
156.6825396825397
145.6825396825397
159.90476190476193
148.90476190476193
137.90476190476193
155.90476190476193
144.90476190476193
133.90476190476193
122.90476190476193
111.90476190476193
100.90476190476193
89.90476190476193
154.5714285714286
143.5714285714286
132.5714285714286
121.57142857142861
110.57142857142861
99.57142857142861
88.57142857142861
77.57142857142861
66.57142857142861
55.57142857142861
44.57142857142861
33.57142857142861
132.5714285714286
121.57142857142861
110.57142857142861
175.2380952380953
164.2380952380953
153.2380952380953
252.2380952380953
241.2380952380953
230.2380952380953
219.2380952380953
208.2380952380953
272.904761904762
261.904761904762
250.90476190476198
315.5714285714286
304.5714285714286
293.5714285714286
311.5714285714286
300.5714285714286
289.5714285714286
325.5714285714286
314.5714285714286
303.5714285714286
292.5714285714286
391.5714285714286
380.5714285714286
369.5714285714286
416.5714285714286
405.5714285714286
394.5714285714286
383.5714285714286
372.5714285714286
361.5714285714286
460.5714285714286
449.5714285714286
438.5714285714286
427.5714285714286
416.5714285714286
405.5714285714286
394.5714285714286
383.5714285714286
372.5714285714286
361.5714285714286
350.5714285714286
339.5714285714286
328.5714285714286
364.5714285714286
353.5714285714286
342.5714285714286
331.5714285714286
320.5714285714286
309.5714285714286
298.5714285714286
287.5714285714286
276.5714285714286
265.5714285714286
254.5714285714286
243.5714285714286
232.5714285714286
221.5714285714286
210.5714285714286
199.5714285714286
188.5714285714286
216.90476190476193
205.90476190476193
194.90476190476193
183.90476190476193
172.90476190476193
208.90476190476193
197.90476190476193
186.90476190476193
175.90476190476193
164.90476190476193
153.90476190476193
142.90476190476193
178.90476190476193
225.90476190476193
214.90476190476193
203.90476190476193
192.90476190476193
181.90476190476193
170.90476190476193
159.90476190476193
195.90476190476193
206.90476190476193
195.90476190476193
184.90476190476193
173.90476190476193
162.90476190476193
151.90476190476193
198.90476190476193
187.90476190476193
286.9047619047619
275.9047619047619
264.9047619047619
253.90476190476193
242.90476190476193
231.90476190476193
220.90476190476193
209.90476190476193
198.90476190476193
245.90476190476193
234.90476190476193
223.90476190476193
234.90476190476193
223.90476190476193
288.5714285714286
277.5714285714286
266.5714285714286
255.5714285714286
244.5714285714286
233.5714285714286
222.5714285714286
211.5714285714286
200.5714285714286
189.5714285714286
178.5714285714286
167.5714285714286
156.5714285714286
192.5714285714286
181.5714285714286
170.5714285714286
193.14285714285717
240.14285714285717
229.14285714285717
218.14285714285717
207.14285714285717
196.14285714285717
185.14285714285717
174.14285714285717
163.14285714285717
152.14285714285717
141.14285714285717
130.14285714285717
119.14285714285717
108.14285714285717
97.14285714285717
115.14285714285717
133.14285714285717
122.14285714285717
111.14285714285717
100.14285714285717
89.14285714285717
100.14285714285717
89.14285714285717
78.14285714285717
89.14285714285717
103.3650793650794
92.3650793650794
81.3650793650794
70.3650793650794
59.365079365079396
106.3650793650794
95.3650793650794
84.3650793650794
73.3650793650794
62.365079365079396
161.3650793650794
150.3650793650794
139.3650793650794
153.58730158730162
142.58730158730162
131.58730158730162
120.58730158730162
143.15873015873018
132.15873015873018
121.15873015873018
185.82539682539687
174.82539682539687
163.82539682539687
152.82539682539687
188.82539682539687
224.82539682539687
213.82539682539687
202.82539682539687
191.82539682539687
180.82539682539687
203.39682539682542
192.39682539682542
220.73015873015873
209.73015873015873
198.73015873015873
263.3968253968254
252.39682539682542
241.39682539682542
230.39682539682542
219.39682539682542
284.0634920634921
273.0634920634921
262.0634920634921
251.0634920634921
240.0634920634921
229.0634920634921
218.0634920634921
317.0634920634921
306.0634920634921
295.0634920634921
284.0634920634921
273.0634920634921
284.0634920634921
273.0634920634921
262.0634920634921
251.0634920634921
240.0634920634921
229.0634920634921
218.0634920634921
207.0634920634921
196.0634920634921
185.0634920634921
213.39682539682542
202.39682539682542
191.39682539682542
180.39682539682542
169.39682539682542
268.3968253968254
257.3968253968254
246.39682539682542
235.39682539682542
224.39682539682542
213.39682539682542
202.39682539682542
238.39682539682542
227.39682539682542
241.61904761904765
230.61904761904765
219.61904761904765
208.61904761904765
197.61904761904765
220.1904761904762
209.1904761904762
198.1904761904762
297.1904761904762
286.1904761904762
275.1904761904762
264.1904761904762
253.1904761904762
242.1904761904762
231.1904761904762
220.1904761904762
209.1904761904762
198.1904761904762
187.1904761904762
176.1904761904762
165.1904761904762
264.1904761904762
253.1904761904762
242.1904761904762
231.1904761904762
220.1904761904762
209.1904761904762
198.1904761904762
262.8571428571429
251.8571428571429
240.8571428571429
229.8571428571429
218.8571428571429
207.8571428571429
196.8571428571429
185.8571428571429
174.8571428571429
203.1904761904762
192.1904761904762
181.1904761904762
170.1904761904762
159.1904761904762
148.1904761904762
137.1904761904762
236.1904761904762
225.1904761904762
214.1904761904762
203.1904761904762
192.1904761904762
181.1904761904762
170.1904761904762
159.1904761904762
148.1904761904762
247.1904761904762
236.1904761904762
225.1904761904762
214.1904761904762
203.1904761904762
221.1904761904762
210.1904761904762
199.1904761904762
188.1904761904762
177.1904761904762
191.41269841269843
180.41269841269843
169.41269841269843
234.07936507936512
223.07936507936512
212.07936507936512
201.07936507936512
223.65079365079367
241.65079365079367
230.65079365079367
219.65079365079367
208.65079365079367
197.65079365079367
186.65079365079367
285.6507936507937
274.6507936507937
263.6507936507937
252.65079365079367
241.65079365079367
230.65079365079367
219.65079365079367
284.31746031746036
273.31746031746036
262.31746031746036
251.31746031746036
240.31746031746036
229.31746031746036
218.31746031746036
207.31746031746036
196.31746031746036
185.31746031746036
174.31746031746036
163.31746031746036
152.31746031746036
141.31746031746036
205.98412698412704
194.98412698412704
217.5555555555556
206.5555555555556
195.5555555555556
184.5555555555556
173.5555555555556
162.5555555555556
261.5555555555556
250.5555555555556
239.5555555555556
228.5555555555556
217.5555555555556
245.8888888888889
344.8888888888889
333.8888888888889
322.8888888888889
311.8888888888889
347.8888888888889
365.8888888888889
354.8888888888889
377.46031746031747
442.1269841269841
506.7936507936507
495.7936507936507
484.7936507936507
473.7936507936507
502.1269841269841
491.1269841269841
509.1269841269841
498.1269841269841
487.1269841269841
523.1269841269841
512.1269841269841
501.1269841269841
600.1269841269841
589.1269841269841
600.1269841269841
618.1269841269841
607.1269841269841
596.1269841269841
585.1269841269841
574.1269841269841
673.1269841269841
662.1269841269841
651.1269841269841
640.1269841269841
629.1269841269841
651.6984126984128
750.6984126984128
739.6984126984128
728.6984126984128
717.6984126984128
728.6984126984128
717.6984126984128
706.6984126984128
695.6984126984128
684.6984126984128
673.6984126984128
772.6984126984128
761.6984126984128
750.6984126984128
739.6984126984128
728.6984126984128
717.6984126984128
706.6984126984128
729.2698412698414
718.2698412698414
707.2698412698414
696.2698412698414
732.2698412698414
721.2698412698414
710.2698412698414
699.2698412698414
798.2698412698414
787.2698412698414
776.2698412698414
790.4920634920636
779.4920634920636
768.4920634920636
757.4920634920636
746.4920634920636
845.4920634920636
834.4920634920636
823.4920634920636
812.4920634920636
801.4920634920636
790.4920634920636
779.4920634920636
768.4920634920636
757.4920634920636
746.4920634920636
811.1587301587304
800.1587301587304
789.1587301587304
778.1587301587304
767.1587301587304
795.4920634920636
784.4920634920636
773.4920634920636
838.1587301587304
827.1587301587304
874.1587301587304
863.1587301587304
852.1587301587304
841.1587301587304
940.1587301587304
929.1587301587304
918.1587301587304
907.1587301587304
896.1587301587304
885.1587301587304
874.1587301587304
938.8253968253971
927.8253968253971
916.8253968253971
905.8253968253971
894.8253968253971
883.8253968253971
872.8253968253971
861.8253968253971
850.8253968253971
839.8253968253971
828.8253968253971
875.8253968253971
864.8253968253971
853.8253968253971
918.4920634920638
907.4920634920638
972.1587301587306
961.1587301587306
950.1587301587306
939.1587301587306
928.1587301587306
1027.1587301587306
1016.1587301587306
1005.1587301587306
994.1587301587306
983.1587301587306
972.1587301587306
961.1587301587306
1060.1587301587306
1049.1587301587306
1038.1587301587306
1027.1587301587306
1016.1587301587306
1115.1587301587306
1104.1587301587306
1140.1587301587306
