-11
-22
-33
-44
-55
-66
-30.0
-41.0
-52.0
-63.0
-74.0
-85.0
-96.0
-107.0
-118.0
-129.0
-82.0
-93.0
-104.0
-93.0
-104.0
-115.0
-126.0
-79.0
-56.42857142857142
-67.42857142857142
-78.42857142857142
-31.428571428571416
-42.428571428571416
-53.428571428571416
-64.42857142857142
-36.095238095238074
-47.095238095238074
-58.095238095238074
-69.09523809523807
-80.09523809523807
-91.09523809523807
-102.09523809523807
-113.09523809523807
-124.09523809523807
-95.76190476190473
-106.76190476190473
-117.76190476190473
-128.76190476190473
-139.76190476190473
-150.76190476190473
-161.76190476190473
-172.76190476190473
-183.76190476190473
-194.76190476190473
-205.76190476190473
-216.76190476190473
-227.76190476190473
-238.76190476190473
-249.76190476190473
-260.7619047619047
-271.7619047619047
-282.7619047619047
-293.7619047619047
-304.7619047619047
-315.7619047619047
-326.7619047619047
-337.7619047619047
-348.7619047619047
-359.7619047619047
-370.7619047619047
-381.7619047619047
-392.7619047619047
-403.7619047619047
-375.42857142857133
-386.42857142857133
-397.42857142857133
-408.42857142857133
-419.42857142857133
-430.42857142857133
-441.42857142857133
-452.42857142857133
-463.42857142857133
-440.8571428571428
-451.8571428571428
-462.8571428571428
-473.8571428571428
-484.8571428571428
-495.8571428571428
-506.8571428571428
-517.8571428571428
-528.8571428571428
-510.8571428571428
-521.8571428571428
-532.8571428571428
-543.8571428571428
-554.8571428571428
-490.1904761904761
-501.1904761904761
-512.1904761904761
-501.19047619047615
-512.1904761904761
-523.1904761904761
-534.1904761904761
-545.1904761904761
-556.1904761904761
-567.1904761904761
-578.1904761904761
-560.1904761904761
-571.1904761904761
-582.1904761904761
-593.1904761904761
-604.1904761904761
-615.1904761904761
-626.1904761904761
-611.968253968254
-512.968253968254
-523.968253968254
-534.968253968254
-545.968253968254
-534.968253968254
-545.968253968254
-556.968253968254
-567.968253968254
-578.968253968254
-514.3015873015872
-496.30158730158723
-507.30158730158723
-518.3015873015872
-529.3015873015872
-540.3015873015872
-551.3015873015872
-562.3015873015872
-573.3015873015872
-584.3015873015872
-595.3015873015872
-606.3015873015872
-617.3015873015872
-570.3015873015872
-581.3015873015872
-592.3015873015872
-603.3015873015872
-614.3015873015872
-625.3015873015872
-636.3015873015872
-647.3015873015872
-658.3015873015872
-669.3015873015872
-680.3015873015872
-691.3015873015872
-702.3015873015872
-713.3015873015872
-724.3015873015872
-735.3015873015872
-746.3015873015872
-757.3015873015872
-768.3015873015872
-779.3015873015872
-790.3015873015872
-772.3015873015872
-736.3015873015872
-747.3015873015872
-758.3015873015872
-769.3015873015872
-780.3015873015872
-791.3015873015872
-802.3015873015872
-813.3015873015872
-824.3015873015872
-835.3015873015872
-846.3015873015872
-857.3015873015872
-868.3015873015872
-879.3015873015872
-890.3015873015872
-901.3015873015872
-912.3015873015872
-898.0793650793651
-909.0793650793651
-920.0793650793651
-931.0793650793651
-942.0793650793651
-953.0793650793651
-964.0793650793651
-975.0793650793651
-986.0793650793651
-921.4126984126983
-932.4126984126983
-943.4126984126983
-920.8412698412696
-931.8412698412696
-942.8412698412696
-843.8412698412696
-854.8412698412696
-865.8412698412696
-876.8412698412696
-887.8412698412696
-898.8412698412696
-909.8412698412696
-920.8412698412696
-931.8412698412696
-942.8412698412696
-953.8412698412696
-964.8412698412696
-975.8412698412696
-986.8412698412696
-997.8412698412696
-1008.8412698412696
-1019.8412698412696
-1030.8412698412696
-1041.8412698412696
-1052.8412698412696
-1063.8412698412696
-1074.8412698412696
-1085.8412698412696
-1096.8412698412696
-1068.5079365079362
-1079.5079365079362
-1090.5079365079362
-1101.5079365079362
-1112.5079365079362
-1123.5079365079362
-1134.5079365079362
-1145.5079365079362
-1156.5079365079362
-1167.5079365079362
-1178.5079365079362
-1189.5079365079362
-1200.5079365079362
-1101.5079365079362
-1112.5079365079362
-1123.5079365079362
-1134.5079365079362
-1145.5079365079362
-1156.5079365079362
-1167.5079365079362
-1178.5079365079362
-1167.5079365079362
-1131.5079365079362
-1142.5079365079362
-1153.5079365079362
-1164.5079365079362
-1175.5079365079362
-1110.8412698412696
-1121.8412698412696
-1132.8412698412696
-1143.8412698412696
-1154.8412698412696
-1165.8412698412696
-1176.8412698412696
-1187.8412698412696
-1198.8412698412696
-1209.8412698412696
-1220.8412698412696
-1231.8412698412696
-1242.8412698412696
-1178.1746031746031
-1189.1746031746031
-1200.1746031746031
-1211.1746031746031
-1222.1746031746031
-1233.1746031746031
-1244.1746031746031
-1255.1746031746031
-1266.1746031746031
-1277.1746031746031
-1259.1746031746031
-1270.1746031746031
-1281.1746031746031
-1292.1746031746031
-1303.1746031746031
-1314.1746031746031
-1325.1746031746031
-1336.1746031746031
-1347.1746031746031
-1358.1746031746031
-1369.1746031746031
-1380.1746031746031
-1391.1746031746031
-1402.1746031746031
-1413.1746031746031
-1424.1746031746031
-1435.1746031746031
-1446.1746031746031
-1457.1746031746031
-1468.1746031746031
-1479.1746031746031
-1490.1746031746031
-1501.1746031746031
-1512.1746031746031
-1483.8412698412696
-1494.8412698412696
-1505.8412698412696
-1516.8412698412696
-1527.8412698412696
-1538.8412698412696
-1549.8412698412696
-1560.8412698412696
-1571.8412698412696
-1582.8412698412696
-1593.8412698412696
-1604.8412698412696
-1615.8412698412696
-1601.6190476190475
-1612.6190476190475
-1623.6190476190475
-1634.6190476190475
-1645.6190476190475
-1656.6190476190475
-1667.6190476190475
-1678.6190476190475
-1689.6190476190475
-1700.6190476190475
-1711.6190476190475
-1722.6190476190475
-1733.6190476190475
-1744.6190476190475
-1708.6190476190475
-1719.6190476190475
-1730.6190476190475
-1741.6190476190475
-1752.6190476190475
-1763.6190476190475
-1774.6190476190475
-1785.6190476190475
-1796.6190476190475
-1807.6190476190475
-1818.6190476190475
-1829.6190476190475
-1807.047619047619
-1742.3809523809525
-1753.3809523809525
-1764.3809523809525
-1775.3809523809525
-1786.3809523809525
-1797.3809523809525
-1808.3809523809525
-1819.3809523809525
-1830.3809523809525
-1841.3809523809525
-1852.3809523809525
-1863.3809523809525
-1874.3809523809525
-1885.3809523809525
-1896.3809523809525
-1907.3809523809525
-1918.3809523809525
-1929.3809523809525
-1830.3809523809525
-1841.3809523809525
-1852.3809523809525
-1863.3809523809525
-1874.3809523809525
-1885.3809523809525
-1896.3809523809525
-1907.3809523809525
-1918.3809523809525
-1929.3809523809525
-1940.3809523809525
-1951.3809523809525
-1962.3809523809525
-1973.3809523809525
-1984.3809523809525
-1995.3809523809525
-2006.3809523809525
-2017.3809523809525
-2028.3809523809525
-2039.3809523809525
-2050.3809523809523
-2061.3809523809523
-2072.3809523809523
-2083.3809523809523
-2094.3809523809523
-2105.3809523809523
-2116.3809523809523
-2017.3809523809523
-2028.3809523809523
-2039.3809523809523
-2050.3809523809523
-2061.3809523809523
-2072.3809523809523
-2083.3809523809523
-2094.3809523809523
-2105.3809523809523
-2116.3809523809523
-2127.3809523809523
-2138.3809523809523
-2149.3809523809523
-2160.3809523809523
-2171.3809523809523
-2182.3809523809523
-2117.7142857142853
-2128.7142857142853
-2139.7142857142853
-2150.7142857142853
-2161.7142857142853
-2150.7142857142853
-2161.7142857142853
-2172.7142857142853
-2183.7142857142853
-2136.7142857142853
-2147.7142857142853
-2158.7142857142853
-2169.7142857142853
-2180.7142857142853
-2158.142857142857
-2169.142857142857
-2180.142857142857
-2191.142857142857
-2202.142857142857
-2213.142857142857
-2224.142857142857
-2159.47619047619
-2170.47619047619
-2181.47619047619
-2192.47619047619
-2203.47619047619
-2104.47619047619
-2115.47619047619
-2126.47619047619
-2137.47619047619
-2148.47619047619
-2159.47619047619
-2170.47619047619
-2181.47619047619
-2192.47619047619
-2203.47619047619
-2214.47619047619
-2225.47619047619
-2236.47619047619
-2247.47619047619
-2182.809523809523
-2193.809523809523
-2204.809523809523
-2215.809523809523
-2226.809523809523
-2237.809523809523
-2248.809523809523
-2259.809523809523
-2270.809523809523
-2281.809523809523
-2292.809523809523
-2274.809523809523
-2285.809523809523
-2296.809523809523
-2307.809523809523
-2318.809523809523
-2329.809523809523
-2340.809523809523
-2351.809523809523
-2362.809523809523
-2373.809523809523
-2384.809523809523
-2395.809523809523
-2406.809523809523
-2417.809523809523
-2428.809523809523
-2439.809523809523
-2450.809523809523
-2461.809523809523
-2472.809523809523
-2458.5873015873003
-2469.5873015873003
-2480.5873015873003
-2491.5873015873003
-2502.5873015873003
-2513.5873015873003
-2524.5873015873003
-2488.5873015873003
-2499.5873015873003
-2510.5873015873003
-2521.5873015873003
-2532.5873015873003
-2543.5873015873003
-2521.015873015872
-2532.015873015872
-2543.015873015872
-2554.015873015872
-2565.015873015872
-2576.015873015872
-2587.015873015872
-2598.015873015872
-2609.015873015872
-2620.015873015872
-2631.015873015872
-2642.015873015872
-2653.015873015872
-2664.015873015872
-2675.015873015872
-2686.015873015872
-2697.015873015872
-2708.015873015872
-2719.015873015872
-2730.015873015872
-2741.015873015872
-2752.015873015872
-2763.015873015872
-2774.015873015872
-2785.015873015872
-2796.015873015872
-2807.015873015872
-2818.015873015872
-2829.015873015872
-2840.015873015872
-2851.015873015872
-2862.015873015872
-2873.015873015872
-2884.015873015872
-2895.015873015872
-2906.015873015872
-2917.015873015872
-2928.015873015872
-2939.015873015872
-2950.015873015872
-2961.015873015872
-2972.015873015872
-2983.015873015872
-2994.015873015872
-3005.015873015872
-3016.015873015872
-3027.015873015872
-3038.015873015872
-3049.015873015872
-3060.015873015872
-3071.015873015872
-3082.015873015872
-3093.015873015872
-3104.015873015872
-3115.015873015872
-3126.015873015872
-3137.015873015872
-3148.015873015872
-3159.015873015872
-3170.015873015872
-3155.7936507936492
-3166.7936507936492
-3177.7936507936492
-3188.7936507936492
-3199.7936507936492
-3210.7936507936492
-3221.7936507936492
-3232.7936507936492
-3243.7936507936492
-3254.7936507936492
-3232.222222222221
-3214.222222222221
-3225.222222222221
-3236.222222222221
-3247.222222222221
-3258.222222222221
-3269.222222222221
-3280.222222222221
-3291.222222222221
-3302.222222222221
-3313.222222222221
-3248.555555555554
-3259.555555555554
-3270.555555555554
-3281.555555555554
-3292.555555555554
-3303.555555555554
-3314.555555555554
-3325.555555555554
-3336.555555555554
-3347.555555555554
-3248.555555555554
-3259.555555555554
-3270.555555555554
-3281.555555555554
-3292.555555555554
-3303.555555555554
-3314.555555555554
-3325.555555555554
-3311.333333333331
-3322.333333333331
-3333.333333333331
-3344.333333333331
-3279.6666666666642
-3290.6666666666642
-3301.6666666666642
-3265.6666666666642
-3276.6666666666642
-3287.6666666666642
-3298.6666666666642
-3309.6666666666642
-3320.6666666666642
-3331.6666666666642
-3342.6666666666642
-3353.6666666666642
-3364.6666666666642
-3375.6666666666642
-3386.6666666666642
-3397.6666666666642
-3408.6666666666642
-3419.6666666666642
-3430.6666666666642
-3441.6666666666642
-3452.6666666666642
-3463.6666666666642
-3441.095238095236
-3452.095238095236
-3463.095238095236
-3474.095238095236
-3485.095238095236
-3496.095238095236
-3507.095238095236
-3518.095238095236
-3529.095238095236
-3540.095238095236
-3551.095238095236
-3562.095238095236
-3573.095238095236
-3584.095238095236
-3595.095238095236
-3606.095238095236
-3617.095238095236
-3628.095238095236
-3639.095238095236
-3650.095238095236
-3661.095238095236
-3672.095238095236
-3683.095238095236
-3694.095238095236
-3705.095238095236
-3716.095238095236
-3727.095238095236
-3738.095238095236
-3749.095238095236
-3760.095238095236
-3771.095238095236
-3782.095238095236
-3793.095238095236
-3757.095238095236
-3768.095238095236
-3779.095238095236
-3790.095238095236
-3801.095238095236
-3812.095238095236
-3823.095238095236
-3834.095238095236
-3845.095238095236
-3856.095238095236
-3867.095238095236
-3878.095238095236
-3889.095238095236
-3900.095238095236
-3911.095238095236
-3922.095238095236
-3933.095238095236
-3944.095238095236
-3955.095238095236
-3966.095238095236
-3977.095238095236
-3954.5238095238074
-3965.5238095238074
-3976.5238095238074
-3987.5238095238074
-3998.5238095238074
-4009.5238095238074
-4020.5238095238074
-4031.5238095238074
-4042.5238095238074
-4053.5238095238074
-4064.5238095238074
-4075.5238095238074
-4086.5238095238074
-4097.523809523807
-4083.3015873015847
-4069.079365079362
-4080.079365079362
-4091.079365079362
-4102.079365079362
-4113.079365079362
-4124.079365079362
-4135.079365079362
-4146.079365079362
-4157.079365079362
-4168.079365079362
-4179.079365079362
-4190.079365079362
-4201.079365079362
-4212.079365079362
-4223.079365079362
-4200.507936507933
-4211.507936507933
-4188.936507936503
-4199.936507936503
-4210.936507936503
-4221.936507936503
-4232.936507936503
-4243.936507936503
-4254.936507936503
-4190.269841269837
-4201.269841269837
-4212.269841269837
-4223.269841269837
