-11
-22
-33
-4.666666666666664
-15.666666666666664
2.3333333333333357
-8.666666666666664
-19.666666666666664
79.33333333333334
93.55555555555557
82.55555555555557
71.55555555555557
60.55555555555557
49.55555555555557
38.55555555555557
27.55555555555557
16.55555555555557
5.555555555555571
-5.444444444444429
-16.44444444444443
30.55555555555557
19.55555555555557
8.555555555555571
-2.4444444444444287
-13.444444444444429
-24.44444444444443
-35.44444444444443
-46.44444444444443
-57.44444444444443
-68.44444444444443
-79.44444444444443
-90.44444444444443
-101.44444444444443
-112.44444444444443
-123.44444444444443
-24.44444444444443
-35.44444444444443
-46.44444444444443
-57.44444444444443
-21.44444444444443
-32.44444444444443
-43.44444444444443
-54.44444444444443
-65.44444444444443
-76.44444444444443
-87.44444444444443
-98.44444444444443
-109.44444444444443
-120.44444444444443
-131.44444444444443
-84.44444444444443
-95.44444444444443
-106.44444444444443
-117.44444444444443
-128.44444444444443
-139.44444444444443
-150.44444444444443
-127.87301587301586
-138.87301587301585
-102.87301587301585
-113.87301587301585
-124.87301587301585
-135.87301587301585
-146.87301587301585
-132.65079365079362
-143.65079365079362
-154.65079365079362
-165.65079365079362
-176.65079365079362
-187.65079365079362
-198.65079365079362
-170.3174603174603
-181.3174603174603
-192.3174603174603
-203.3174603174603
-214.3174603174603
-196.3174603174603
-207.3174603174603
-160.3174603174603
-171.3174603174603
-182.3174603174603
-193.3174603174603
-204.3174603174603
-215.3174603174603
-226.3174603174603
-237.3174603174603
-214.74603174603175
-225.74603174603175
-236.74603174603175
-214.1746031746032
-167.1746031746032
-178.1746031746032
-189.1746031746032
-166.60317460317464
-177.60317460317464
-188.60317460317464
-199.60317460317464
-210.60317460317464
-221.60317460317464
-232.60317460317464
-243.60317460317464
-254.60317460317464
-226.26984126984132
-237.26984126984132
-248.26984126984132
-259.2698412698413
-270.2698412698413
-281.2698412698413
-292.2698412698413
-303.2698412698413
-314.2698412698413
-325.2698412698413
-336.2698412698413
-318.2698412698413
-329.2698412698413
-340.2698412698413
-351.2698412698413
-362.2698412698413
-373.2698412698413
-384.2698412698413
-370.04761904761915
-381.04761904761915
-392.04761904761915
-403.04761904761915
-414.04761904761915
-425.04761904761915
-436.04761904761915
-447.04761904761915
-458.04761904761915
-469.04761904761915
-480.04761904761915
-451.7142857142858
-462.7142857142858
-473.7142857142858
-484.7142857142858
-495.7142857142858
-506.7142857142858
-517.7142857142858
-528.7142857142858
-539.7142857142858
-550.7142857142858
-561.7142857142858
-572.7142857142858
-473.7142857142858
-484.7142857142858
-495.7142857142858
-506.7142857142858
-517.7142857142858
-528.7142857142858
-539.7142857142858
-550.7142857142858
-532.7142857142858
-543.7142857142858
-554.7142857142858
-565.7142857142858
-576.7142857142858
-587.7142857142858
-576.7142857142858
-565.7142857142858
-576.7142857142858
-587.7142857142858
-598.7142857142858
-609.7142857142858
-620.7142857142858
-631.7142857142858
-642.7142857142858
-653.7142857142858
-664.7142857142858
-675.7142857142858
-686.7142857142858
-697.7142857142858
-708.7142857142858
-719.7142857142858
-730.7142857142858
-712.7142857142858
-723.7142857142858
-734.7142857142858
-745.7142857142858
-723.1428571428571
-694.8095238095239
-705.8095238095239
-716.8095238095239
-727.8095238095239
-738.8095238095239
-749.8095238095239
-760.8095238095239
-771.8095238095239
-782.8095238095239
-793.8095238095239
-804.8095238095239
-757.8095238095239
-768.8095238095239
-779.8095238095239
-790.8095238095239
-801.8095238095239
-812.8095238095239
-823.8095238095239
-834.8095238095239
-845.8095238095239
-856.8095238095239
-867.8095238095239
-839.4761904761906
-850.4761904761906
-861.4761904761906
-872.4761904761906
-883.4761904761906
-894.4761904761906
-795.4761904761906
-806.4761904761906
-817.4761904761906
-828.4761904761906
-839.4761904761906
-850.4761904761906
-861.4761904761906
-825.4761904761906
-836.4761904761906
-847.4761904761906
-858.4761904761906
-869.4761904761906
-880.4761904761906
-891.4761904761906
-902.4761904761906
-891.4761904761906
-902.4761904761906
-866.4761904761906
-877.4761904761906
-888.4761904761906
-899.4761904761906
-910.4761904761906
-921.4761904761906
-932.4761904761906
-943.4761904761906
-925.4761904761906
-936.4761904761906
-947.4761904761906
-900.4761904761906
-911.4761904761906
-922.4761904761906
-904.4761904761906
-915.4761904761906
-926.4761904761906
-915.4761904761906
-926.4761904761906
-937.4761904761906
-890.4761904761906
-901.4761904761906
-912.4761904761906
-923.4761904761906
-934.4761904761906
-945.4761904761906
-956.4761904761906
-967.4761904761906
-978.4761904761906
-989.4761904761906
-1000.4761904761906
-1011.4761904761906
-1022.4761904761906
-1033.4761904761906
-1044.4761904761906
-1055.4761904761906
-1066.4761904761906
-1077.4761904761906
-1088.4761904761906
-1099.4761904761906
-1110.4761904761906
-1121.4761904761906
-1132.4761904761906
-1143.4761904761906
-1154.4761904761906
-1165.4761904761906
-1176.4761904761906
-1162.2539682539684
-1173.2539682539684
-1184.2539682539684
-1195.2539682539684
-1206.2539682539684
-1217.2539682539684
-1228.2539682539684
-1239.2539682539684
-1250.2539682539684
-1261.2539682539684
-1272.2539682539684
-1283.2539682539684
-1294.2539682539684
-1195.2539682539684
-1206.2539682539684
-1217.2539682539684
-1228.2539682539684
-1239.2539682539684
-1250.2539682539684
-1261.2539682539684
-1272.2539682539684
-1283.2539682539684
-1260.68253968254
-1271.68253968254
-1282.68253968254
-1293.68253968254
-1304.68253968254
-1276.3492063492065
-1287.3492063492065
-1298.3492063492065
-1309.3492063492065
-1320.3492063492065
-1331.3492063492065
-1342.3492063492065
-1353.3492063492065
-1364.3492063492065
-1341.777777777778
-1352.777777777778
-1363.777777777778
-1374.777777777778
-1385.777777777778
-1396.777777777778
-1407.777777777778
-1418.777777777778
-1396.2063492063496
-1407.2063492063496
-1389.2063492063496
-1400.2063492063496
-1411.2063492063496
-1422.2063492063496
-1433.2063492063496
-1444.2063492063496
-1455.2063492063496
-1466.2063492063496
-1477.2063492063496
-1488.2063492063496
-1499.2063492063496
-1510.2063492063496
-1521.2063492063496
-1532.2063492063496
-1543.2063492063496
-1554.2063492063496
-1565.2063492063496
-1500.539682539683
-1511.539682539683
-1522.539682539683
-1533.539682539683
-1544.539682539683
-1521.9682539682547
-1532.9682539682547
-1543.9682539682547
-1554.9682539682547
-1565.9682539682547
-1576.9682539682547
-1587.9682539682547
-1598.9682539682547
-1609.9682539682547
-1591.9682539682547
-1602.9682539682547
-1613.9682539682547
-1624.9682539682547
-1588.9682539682547
-1599.9682539682547
-1610.9682539682547
-1621.9682539682547
-1607.7460317460325
-1618.7460317460325
-1629.7460317460325
-1640.7460317460325
-1651.7460317460325
-1662.7460317460325
-1673.7460317460325
-1684.7460317460325
-1695.7460317460325
-1706.7460317460325
-1717.7460317460325
-1728.7460317460325
-1739.7460317460325
-1728.7460317460325
-1739.7460317460325
-1750.7460317460325
-1703.7460317460325
-1667.7460317460325
-1678.7460317460325
-1689.7460317460325
-1700.7460317460325
-1711.7460317460325
-1722.7460317460325
-1686.7460317460325
-1697.7460317460325
-1708.7460317460325
-1719.7460317460325
-1730.7460317460325
-1712.7460317460325
-1723.7460317460325
-1734.7460317460325
-1745.7460317460325
-1756.7460317460325
-1767.7460317460325
-1778.7460317460325
-1789.7460317460325
-1800.7460317460325
-1811.7460317460325
-1822.7460317460325
-1833.7460317460325
-1844.7460317460325
-1855.7460317460325
-1866.7460317460325
-1877.7460317460325
-1888.7460317460325
-1899.7460317460325
-1910.7460317460325
-1921.7460317460325
-1932.7460317460325
-1943.7460317460325
-1954.7460317460325
-1965.7460317460325
-1976.7460317460325
-1987.7460317460325
-1998.7460317460325
-1976.174603174604
-1961.9523809523819
-1972.9523809523819
-1983.9523809523819
-1994.9523809523819
-2005.9523809523819
-2016.9523809523819
-2027.9523809523819
-2038.9523809523819
-2049.9523809523816
-2060.9523809523816
-2071.9523809523816
-2082.9523809523816
-2064.9523809523816
-2075.9523809523816
-2086.9523809523816
-2097.9523809523816
-2108.9523809523816
-2119.9523809523816
-2130.9523809523816
-2141.9523809523816
-2152.9523809523816
-2163.9523809523816
-2174.9523809523816
-2185.9523809523816
-2196.9523809523816
-2207.9523809523816
-2218.9523809523816
-2229.9523809523816
-2240.9523809523816
-2251.9523809523816
-2262.9523809523816
-2273.9523809523816
-2284.9523809523816
-2295.9523809523816
-2306.9523809523816
-2317.9523809523816
-2328.9523809523816
-2339.9523809523816
-2350.9523809523816
-2361.9523809523816
-2372.9523809523816
-2383.9523809523816
-2394.9523809523816
-2405.9523809523816
-2416.9523809523816
-2427.9523809523816
-2438.9523809523816
-2449.9523809523816
-2460.9523809523816
-2471.9523809523816
-2482.9523809523816
-2493.9523809523816
-2504.9523809523816
-2515.9523809523816
-2526.9523809523816
-2537.9523809523816
-2548.9523809523816
-2559.9523809523816
-2570.9523809523816
-2581.9523809523816
-2592.9523809523816
-2603.9523809523816
-2614.9523809523816
-2625.9523809523816
-2526.9523809523816
-2537.9523809523816
-2548.9523809523816
-2559.9523809523816
-2570.9523809523816
-2581.9523809523816
-2592.9523809523816
-2603.9523809523816
-2614.9523809523816
-2625.9523809523816
-2578.9523809523816
-2550.6190476190486
-2561.6190476190486
-2572.6190476190486
-2583.6190476190486
-2594.6190476190486
-2605.6190476190486
-2616.6190476190486
-2627.6190476190486
-2638.6190476190486
-2649.6190476190486
-2660.6190476190486
-2595.9523809523816
-2606.9523809523816
-2617.9523809523816
-2628.9523809523816
-2639.9523809523816
-2650.9523809523816
-2661.9523809523816
-2672.9523809523816
-2683.9523809523816
-2694.9523809523816
-2705.9523809523816
-2716.9523809523816
-2727.9523809523816
-2738.9523809523816
-2749.9523809523816
-2760.9523809523816
-2771.9523809523816
-2782.9523809523816
-2793.9523809523816
-2804.9523809523816
-2815.9523809523816
-2826.9523809523816
-2837.9523809523816
-2848.9523809523816
-2859.9523809523816
-2841.9523809523816
-2852.9523809523816
-2863.9523809523816
-2874.9523809523816
-2885.9523809523816
-2896.9523809523816
-2907.9523809523816
-2918.9523809523816
-2929.9523809523816
-2940.9523809523816
-2951.9523809523816
-2887.2857142857147
-2898.2857142857147
-2909.2857142857147
-2920.2857142857147
-2931.2857142857147
-2942.2857142857147
-2953.2857142857147
-2964.2857142857147
-2975.2857142857147
-2986.2857142857147
-2997.2857142857147
-3008.2857142857147
-3019.2857142857147
-3030.2857142857147
-3041.2857142857147
-3052.2857142857147
-3063.2857142857147
-3074.2857142857147
-3085.2857142857147
-3096.2857142857147
-3107.2857142857147
-3118.2857142857147
-3129.2857142857147
-3093.2857142857147
-3079.063492063492
-3090.063492063492
-3101.063492063492
-3112.063492063492
-3123.063492063492
-3134.063492063492
-3145.063492063492
-3156.063492063492
-3167.063492063492
-3144.4920634920636
-3155.4920634920636
-3166.4920634920636
-3177.4920634920636
-3188.4920634920636
-3199.4920634920636
-3210.4920634920636
-3221.4920634920636
-3232.4920634920636
-3243.4920634920636
-3254.4920634920636
-3265.4920634920636
-3276.4920634920636
-3287.4920634920636
-3298.4920634920636
-3270.1587301587306
-3281.1587301587306
-3292.1587301587306
-3303.1587301587306
-3314.1587301587306
-3296.1587301587306
-3307.1587301587306
-3318.1587301587306
-3329.1587301587306
-3340.1587301587306
-3351.1587301587306
-3340.1587301587306
-3351.1587301587306
-3362.1587301587306
-3373.1587301587306
-3384.1587301587306
-3395.1587301587306
-3406.1587301587306
-3391.936507936508
-3402.936507936508
-3413.936507936508
-3424.936507936508
-3435.936507936508
-3446.936507936508
-3457.936507936508
-3468.936507936508
-3479.936507936508
-3490.936507936508
-3443.936507936508
-3454.936507936508
-3407.936507936508
-3418.936507936508
-3429.936507936508
-3440.936507936508
-3451.936507936508
-3462.936507936508
-3473.936507936508
-3484.936507936508
-3495.936507936508
-3506.936507936508
-3517.936507936508
-3528.936507936508
-3539.936507936508
-3550.936507936508
-3561.936507936508
-3572.936507936508
-3583.936507936508
-3594.936507936508
-3605.936507936508
-3616.936507936508
-3627.936507936508
-3638.936507936508
-3591.936507936508
-3544.936507936508
-3555.936507936508
-3566.936507936508
-3577.936507936508
-3588.936507936508
-3574.7142857142853
-3585.7142857142853
-3596.7142857142853
-3607.7142857142853
-3618.7142857142853
-3629.7142857142853
-3640.7142857142853
-3651.7142857142853
-3662.7142857142853
-3673.7142857142853
-3684.7142857142853
-3695.7142857142853
-3706.7142857142853
-3717.7142857142853
-3728.7142857142853
-3739.7142857142853
-3750.7142857142853
-3714.7142857142853
-3725.7142857142853
-3736.7142857142853
-3747.7142857142853
-3758.7142857142853
-3740.7142857142853
-3751.7142857142853
-3762.7142857142853
-3773.7142857142853
-3784.7142857142853
-3795.7142857142853
-3806.7142857142853
-3817.7142857142853
-3828.7142857142853
-3792.7142857142853
-3803.7142857142853
-3814.7142857142853
-3825.7142857142853
-3836.7142857142853
-3814.142857142857
-3825.142857142857
-3836.142857142857
-3847.142857142857
-3858.142857142857
-3793.47619047619
-3804.47619047619
-3815.47619047619
-3826.47619047619
-3837.47619047619
-3848.47619047619
-3859.47619047619
-3870.47619047619
-3881.47619047619
-3892.47619047619
-3903.47619047619
-3914.47619047619
-3925.47619047619
