-11
-22
25.0
14.0
3.0
-8.0
-19.0
-30.0
-41.0
-52.0
-63.0
-74.0
-85.0
-96.0
-107.0
-118.0
-129.0
-140.0
-151.0
-133.0
-144.0
-155.0
-166.0
-177.0
-188.0
-199.0
-210.0
-221.0
-232.0
-243.0
-254.0
-265.0
-276.0
-287.0
-298.0
-309.0
-320.0
-331.0
-342.0
-353.0
-342.0
-353.0
-364.0
-375.0
-310.33333333333337
-321.33333333333337
-332.33333333333337
-343.33333333333337
-354.33333333333337
-365.33333333333337
-376.33333333333337
-387.33333333333337
-398.33333333333337
-409.33333333333337
-420.33333333333337
-431.33333333333337
-442.33333333333337
-453.33333333333337
-464.33333333333337
-475.33333333333337
-486.33333333333337
-497.33333333333337
-508.33333333333337
-497.33333333333337
-479.33333333333337
-490.33333333333337
-501.33333333333337
-512.3333333333334
-523.3333333333334
-534.3333333333334
-545.3333333333334
-556.3333333333334
-567.3333333333334
-578.3333333333334
-589.3333333333334
-566.7619047619047
-577.7619047619047
-588.7619047619047
-599.7619047619047
-610.7619047619047
-621.7619047619047
-632.7619047619047
-643.7619047619047
-654.7619047619047
-665.7619047619047
-618.7619047619047
-629.7619047619047
-640.7619047619047
-651.7619047619047
-662.7619047619047
-673.7619047619047
-684.7619047619047
-695.7619047619047
-706.7619047619047
-717.7619047619047
-689.4285714285714
-700.4285714285714
-711.4285714285714
-722.4285714285714
-733.4285714285714
-744.4285714285714
-755.4285714285714
-766.4285714285714
-777.4285714285714
-788.4285714285714
-799.4285714285714
-785.2063492063493
-796.2063492063493
-807.2063492063493
-784.6349206349206
-795.6349206349206
-806.6349206349206
-817.6349206349206
-795.0634920634919
-806.0634920634919
-817.0634920634919
-752.3968253968252
-716.3968253968252
-727.3968253968252
-738.3968253968252
-715.8253968253965
-668.8253968253965
-679.8253968253965
-690.8253968253965
-701.8253968253965
-687.6031746031744
-698.6031746031744
-709.6031746031744
-720.6031746031744
-731.6031746031744
-742.6031746031744
-753.6031746031744
-764.6031746031744
-775.6031746031744
-786.6031746031744
-721.9365079365076
-732.9365079365076
-743.9365079365076
-754.9365079365076
-765.9365079365076
-776.9365079365076
-787.9365079365076
-798.9365079365076
-809.9365079365076
-820.9365079365076
-831.9365079365076
-842.9365079365076
-853.9365079365076
-864.9365079365076
-875.9365079365076
-886.9365079365076
-897.9365079365076
-908.9365079365076
-919.9365079365076
-930.9365079365076
-941.9365079365076
-952.9365079365076
-963.9365079365076
-974.9365079365076
-985.9365079365076
-996.9365079365076
-1007.9365079365076
-1018.9365079365076
-919.9365079365076
-930.9365079365076
-941.9365079365076
-952.9365079365076
-963.9365079365076
-974.9365079365076
-985.9365079365076
-996.9365079365076
-1007.9365079365076
-1018.9365079365076
-1029.9365079365075
-1040.9365079365075
-1051.9365079365075
-1062.9365079365075
-1073.9365079365075
-1084.9365079365075
-1095.9365079365075
-1106.9365079365075
-1117.9365079365075
-1128.9365079365075
-1139.9365079365075
-1150.9365079365075
-1161.9365079365075
-1062.9365079365075
-1073.9365079365075
-1084.9365079365075
-1095.9365079365075
-1106.9365079365075
-1117.9365079365075
-1018.9365079365075
-1029.9365079365075
-1040.9365079365075
-1051.9365079365075
-1062.9365079365075
-1073.9365079365075
-1084.9365079365075
-1095.9365079365075
-1106.9365079365075
-1117.9365079365075
-1128.9365079365075
-1092.9365079365075
-1103.9365079365075
-1114.9365079365075
-1125.9365079365075
-1136.9365079365075
-1147.9365079365075
-1158.9365079365075
-1169.9365079365075
-1180.9365079365075
-1162.9365079365075
-1173.9365079365075
-1184.9365079365075
-1195.9365079365075
-1206.9365079365075
-1217.9365079365075
-1228.9365079365075
-1239.9365079365075
-1250.9365079365075
-1261.9365079365075
-1272.9365079365075
-1283.9365079365075
-1294.9365079365075
-1276.9365079365075
-1287.9365079365075
-1298.9365079365075
-1309.9365079365075
-1320.9365079365075
-1331.9365079365075
-1342.9365079365075
-1353.9365079365075
-1364.9365079365075
-1375.9365079365075
-1386.9365079365075
-1397.9365079365075
-1408.9365079365075
-1419.9365079365075
-1405.7142857142853
-1416.7142857142853
-1369.7142857142853
-1351.7142857142853
-1362.7142857142853
-1373.7142857142853
-1384.7142857142853
-1395.7142857142853
-1331.0476190476188
-1342.0476190476188
-1353.0476190476188
-1364.0476190476188
-1375.0476190476188
-1386.0476190476188
-1397.0476190476188
-1408.0476190476188
-1419.0476190476188
-1430.0476190476188
-1441.0476190476188
-1452.0476190476188
-1463.0476190476188
-1474.0476190476188
-1485.0476190476188
-1470.8253968253966
-1481.8253968253966
-1492.8253968253966
-1503.8253968253966
-1514.8253968253966
-1525.8253968253966
-1536.8253968253966
-1547.8253968253966
-1558.8253968253966
-1530.4920634920632
-1541.4920634920632
-1552.4920634920632
-1563.4920634920632
-1574.4920634920632
-1585.4920634920632
-1567.4920634920632
-1578.4920634920632
-1589.4920634920632
-1600.4920634920632
-1611.4920634920632
-1622.4920634920632
-1633.4920634920632
-1644.4920634920632
-1608.4920634920632
-1619.4920634920632
-1630.4920634920632
-1641.4920634920632
-1652.4920634920632
-1663.4920634920632
-1598.8253968253966
-1609.8253968253966
-1620.8253968253966
-1631.8253968253966
-1609.2539682539682
-1620.2539682539682
-1631.2539682539682
-1642.2539682539682
-1653.2539682539682
-1664.2539682539682
-1675.2539682539682
-1686.2539682539682
-1697.2539682539682
-1708.2539682539682
-1719.2539682539682
-1730.2539682539682
-1741.2539682539682
-1752.2539682539682
-1763.2539682539682
-1774.2539682539682
-1785.2539682539682
-1796.2539682539682
-1807.2539682539682
-1818.2539682539682
-1829.2539682539682
-1793.2539682539682
-1804.2539682539682
-1815.2539682539682
-1826.2539682539682
-1837.2539682539682
-1801.2539682539682
-1812.2539682539682
-1823.2539682539682
-1834.2539682539682
-1845.2539682539682
-1798.2539682539682
-1699.2539682539682
-1710.2539682539682
-1721.2539682539682
-1732.2539682539682
-1743.2539682539682
-1754.2539682539682
-1765.2539682539682
-1776.2539682539682
-1787.2539682539682
-1798.2539682539682
-1809.2539682539682
-1820.2539682539682
-1797.6825396825398
-1808.6825396825398
-1819.6825396825398
-1805.4603174603176
-1816.4603174603176
-1827.4603174603176
-1838.4603174603176
-1849.4603174603176
-1860.4603174603176
-1871.4603174603176
-1882.4603174603176
-1893.4603174603176
-1904.4603174603176
-1915.4603174603176
-1926.4603174603176
-1937.4603174603176
-1909.126984126984
-1920.126984126984
-1902.126984126984
-1913.126984126984
-1924.126984126984
-1935.126984126984
-1946.126984126984
-1957.126984126984
-1968.126984126984
-1979.126984126984
-1990.126984126984
-2001.126984126984
-2012.126984126984
-2023.126984126984
-2034.126984126984
-2045.126984126984
-2056.126984126984
-2067.126984126984
-2056.126984126984
-1991.4603174603176
-2002.4603174603176
-2013.4603174603176
-2024.4603174603176
-2035.4603174603176
-2046.4603174603176
-2057.4603174603176
-2068.4603174603176
-2079.4603174603176
-2090.4603174603176
-2101.4603174603176
-2112.4603174603176
-2123.4603174603176
-2134.4603174603176
-2145.4603174603176
-2156.4603174603176
-2167.4603174603176
-2178.4603174603176
-2189.4603174603176
-2178.4603174603176
-2189.4603174603176
-2200.4603174603176
-2211.4603174603176
-2222.4603174603176
-2233.4603174603176
-2244.4603174603176
-2255.4603174603176
-2266.4603174603176
-2252.238095238095
-2263.238095238095
-2274.238095238095
-2245.904761904762
-2256.904761904762
-2267.904761904762
-2278.904761904762
-2289.904761904762
-2300.904761904762
-2311.904761904762
-2322.904761904762
-2333.904761904762
-2344.904761904762
-2355.904761904762
-2366.904761904762
-2377.904761904762
-2388.904761904762
-2289.904761904762
-2271.904761904762
-2282.904761904762
-2293.904761904762
-2304.904761904762
-2315.904761904762
-2326.904761904762
-2337.904761904762
-2348.904761904762
-2359.904761904762
-2370.904761904762
-2381.904761904762
-2282.904761904762
-2293.904761904762
-2304.904761904762
-2315.904761904762
-2326.904761904762
-2337.904761904762
-2301.904761904762
-2312.904761904762
-2323.904761904762
-2334.904761904762
-2345.904761904762
-2246.904761904762
-2257.904761904762
-2268.904761904762
-2279.904761904762
-2251.571428571429
-2262.571428571429
-2273.571428571429
-2284.571428571429
-2295.571428571429
-2306.571428571429
-2317.571428571429
-2328.571428571429
-2339.571428571429
-2350.571428571429
-2361.571428571429
-2372.571428571429
-2273.571428571429
-2284.571428571429
-2266.571428571429
-2277.571428571429
-2288.571428571429
-2299.571428571429
-2310.571428571429
-2321.571428571429
-2332.571428571429
-2314.571428571429
-2325.571428571429
-2336.571428571429
-2347.571428571429
-2358.571428571429
-2369.571428571429
-2380.571428571429
-2391.571428571429
-2402.571428571429
-2413.571428571429
-2424.571428571429
-2435.571428571429
-2446.571428571429
-2457.571428571429
-2468.571428571429
-2479.571428571429
-2490.571428571429
-2501.571428571429
-2512.571428571429
-2523.571428571429
-2534.571428571429
-2545.571428571429
-2480.904761904762
-2491.904761904762
-2502.904761904762
-2513.904761904762
-2524.904761904762
-2535.904761904762
-2546.904761904762
-2557.904761904762
-2568.904761904762
-2579.904761904762
-2590.904761904762
-2601.904761904762
-2612.904761904762
-2623.904761904762
-2634.904761904762
-2645.904761904762
-2656.904761904762
-2667.904761904762
-2620.904761904762
-2631.904761904762
-2642.904761904762
-2653.904761904762
-2664.904761904762
-2600.238095238095
-2611.238095238095
-2622.238095238095
-2633.238095238095
-2644.238095238095
-2655.238095238095
-2666.238095238095
-2677.238095238095
-2688.238095238095
-2699.238095238095
-2710.238095238095
-2721.238095238095
-2732.238095238095
-2743.238095238095
-2754.238095238095
-2765.238095238095
-2776.238095238095
-2787.238095238095
-2798.238095238095
-2787.238095238095
-2798.238095238095
-2809.238095238095
-2820.238095238095
-2797.6666666666665
-2808.6666666666665
-2819.6666666666665
-2830.6666666666665
-2841.6666666666665
-2819.095238095238
-2830.095238095238
-2841.095238095238
-2852.095238095238
-2863.095238095238
-2874.095238095238
-2885.095238095238
-2896.095238095238
-2907.095238095238
-2918.095238095238
-2929.095238095238
-2940.095238095238
-2951.095238095238
-2962.095238095238
-2973.095238095238
-2984.095238095238
-2995.095238095238
-3006.095238095238
-3017.095238095238
-3028.095238095238
-3039.095238095238
-3050.095238095238
-3061.095238095238
-3072.095238095238
-3083.095238095238
-3094.095238095238
-3071.5238095238096
-3082.5238095238096
-3093.5238095238096
-3104.5238095238096
-3115.5238095238096
-3126.5238095238096
-3027.5238095238096
-3038.5238095238096
-3049.5238095238096
-2950.5238095238096
-2961.5238095238096
-2972.5238095238096
-2936.5238095238096
-2947.5238095238096
-2958.5238095238096
-2969.5238095238096
-2980.5238095238096
-2991.5238095238096
-3002.5238095238096
-2984.5238095238096
-2995.5238095238096
-3006.5238095238096
-2941.8571428571427
-2952.8571428571427
-2963.8571428571427
-2974.8571428571427
-2985.8571428571427
-2996.8571428571427
-3007.8571428571427
-3018.8571428571427
-2996.285714285714
-2949.285714285714
-2960.285714285714
-2971.285714285714
-2982.285714285714
-2993.285714285714
-3004.285714285714
-3015.285714285714
-3026.285714285714
-3037.285714285714
-3048.285714285714
-3059.285714285714
-3070.285714285714
-3081.285714285714
-3092.285714285714
-3103.285714285714
-3114.285714285714
-3125.285714285714
-3136.285714285714
-3147.285714285714
-3158.285714285714
-3169.285714285714
-3180.285714285714
-3151.952380952381
-3133.952380952381
-3034.952380952381
-3045.952380952381
-3056.952380952381
-3034.3809523809527
-3045.3809523809527
-3056.3809523809527
-3067.3809523809527
-3078.3809523809527
-3089.3809523809527
-3100.3809523809527
-3111.3809523809527
-3122.3809523809527
-3133.3809523809527
-3144.3809523809527
-3155.3809523809527
-3166.3809523809527
-3177.3809523809527
-3188.3809523809527
-3199.3809523809527
-3210.3809523809527
-3199.3809523809527
-3210.3809523809527
-3221.3809523809527
-3232.3809523809527
-3243.3809523809527
-3254.3809523809527
-3265.3809523809527
-3276.3809523809527
-3287.3809523809527
-3298.3809523809527
-3309.3809523809527
-3298.3809523809527
-3309.3809523809527
-3298.3809523809527
-3309.3809523809527
-3320.3809523809527
-3331.3809523809527
-3342.3809523809527
-3353.3809523809527
-3364.3809523809527
-3375.3809523809527
-3386.3809523809527
-3397.3809523809527
-3408.3809523809527
-3419.3809523809527
-3430.3809523809527
-3441.3809523809527
-3452.3809523809527
-3463.3809523809527
-3474.3809523809527
-3485.3809523809527
-3496.3809523809527
-3507.3809523809527
-3518.3809523809527
-3419.3809523809527
-3430.3809523809527
-3441.3809523809527
-3452.3809523809527
-3463.3809523809527
-3474.3809523809527
-3485.3809523809527
-3467.3809523809527
-3478.3809523809527
-3413.714285714286
-3424.714285714286
-3435.714285714286
-3446.714285714286
-3457.714285714286
-3468.714285714286
-3479.714285714286
-3490.714285714286
-3468.1428571428573
-3479.1428571428573
-3490.1428571428573
-3501.1428571428573
