-11
-22
-33
-44
-55
-66
-77
-88
-99
-110
-121
-132
-143
-154
-165
-176
-187
-198
-209
-220
-121.0
-132.0
-143.0
-78.33333333333331
-89.33333333333331
-100.33333333333331
-111.33333333333331
-82.99999999999997
-93.99999999999997
-104.99999999999997
-115.99999999999997
-97.99999999999997
-108.99999999999997
-119.99999999999997
-130.99999999999997
-108.42857142857139
-119.42857142857139
-130.4285714285714
-141.4285714285714
-118.85714285714282
-129.85714285714283
-140.85714285714283
-151.85714285714283
-162.85714285714283
-173.85714285714283
-109.19047619047615
-120.19047619047615
-131.19047619047615
-142.19047619047615
-153.19047619047615
-164.19047619047615
-175.19047619047615
-186.19047619047615
-197.19047619047615
-208.19047619047615
-219.19047619047615
-230.19047619047615
-241.19047619047615
-252.19047619047615
-263.19047619047615
-274.19047619047615
-285.19047619047615
-296.19047619047615
-307.19047619047615
-318.19047619047615
-282.19047619047615
-293.19047619047615
-304.19047619047615
-315.19047619047615
-326.19047619047615
-337.19047619047615
-348.19047619047615
-359.19047619047615
-370.19047619047615
-381.19047619047615
-366.968253968254
-352.7460317460318
-363.7460317460318
-374.7460317460318
-385.7460317460318
-396.7460317460318
-407.7460317460318
-418.7460317460318
-429.7460317460318
-440.7460317460318
-451.7460317460318
-462.7460317460318
-473.7460317460318
-451.17460317460325
-462.17460317460325
-473.17460317460325
-484.17460317460325
-495.17460317460325
-506.17460317460325
-517.1746031746032
-528.1746031746032
-539.1746031746032
-550.1746031746032
-561.1746031746032
-572.1746031746032
-557.9523809523811
-568.9523809523811
-579.9523809523811
-590.9523809523811
-601.9523809523811
-612.9523809523811
-623.9523809523811
-634.9523809523811
-645.9523809523811
-617.6190476190478
-628.6190476190478
-639.6190476190478
-650.6190476190478
-661.6190476190478
-672.6190476190478
-683.6190476190478
-694.6190476190478
-629.9523809523811
-640.9523809523811
-651.9523809523811
-662.9523809523811
-673.9523809523811
-684.9523809523811
-656.6190476190478
-667.6190476190478
-678.6190476190478
-689.6190476190478
-700.6190476190478
-711.6190476190478
-612.6190476190478
-623.6190476190478
-634.6190476190478
-645.6190476190478
-656.6190476190478
-667.6190476190478
-678.6190476190478
-689.6190476190478
-700.6190476190478
-711.6190476190478
-700.6190476190478
-635.9523809523811
-646.9523809523811
-657.9523809523811
-668.9523809523811
-646.3809523809524
-657.3809523809524
-668.3809523809524
-679.3809523809524
-690.3809523809524
-701.3809523809524
-712.3809523809524
-723.3809523809524
-734.3809523809524
-745.3809523809524
-756.3809523809524
-767.3809523809524
-778.3809523809524
-789.3809523809524
-800.3809523809524
-811.3809523809524
-822.3809523809524
-833.3809523809524
-844.3809523809524
-855.3809523809524
-866.3809523809524
-877.3809523809524
-888.3809523809524
-899.3809523809524
-910.3809523809524
-921.3809523809524
-932.3809523809524
-943.3809523809524
-954.3809523809524
-965.3809523809524
-976.3809523809524
-987.3809523809524
-998.3809523809524
-1009.3809523809524
-1020.3809523809524
-1031.3809523809523
-932.3809523809523
-833.3809523809523
-844.3809523809523
-855.3809523809523
-866.3809523809523
-877.3809523809523
-888.3809523809523
-899.3809523809523
-910.3809523809523
-921.3809523809523
-932.3809523809523
-943.3809523809523
-954.3809523809523
-965.3809523809523
-976.3809523809523
-987.3809523809523
-998.3809523809523
-1009.3809523809523
-1020.3809523809523
-1031.3809523809523
-1042.3809523809523
-1053.3809523809523
-1064.3809523809523
-1075.3809523809523
-1086.3809523809523
-1068.3809523809523
-1079.3809523809523
-1090.3809523809523
-1101.3809523809523
-1112.3809523809523
-1123.3809523809523
-1134.3809523809523
-1145.3809523809523
-1156.3809523809523
-1167.3809523809523
-1178.3809523809523
-1189.3809523809523
-1200.3809523809523
-1211.3809523809523
-1222.3809523809523
-1233.3809523809523
-1244.3809523809523
-1255.3809523809523
-1241.1587301587301
-1252.1587301587301
-1237.936507936508
-1248.936507936508
-1259.936507936508
-1270.936507936508
-1281.936507936508
-1292.936507936508
-1303.936507936508
-1267.936507936508
-1278.936507936508
-1289.936507936508
-1300.936507936508
-1311.936507936508
-1322.936507936508
-1333.936507936508
-1344.936507936508
-1297.936507936508
-1308.936507936508
-1209.936507936508
-1220.936507936508
-1231.936507936508
-1242.936507936508
-1253.936507936508
-1264.936507936508
-1250.7142857142858
-1261.7142857142858
-1272.7142857142858
-1283.7142857142858
-1294.7142857142858
-1195.7142857142858
-1206.7142857142858
-1217.7142857142858
-1228.7142857142858
-1239.7142857142858
-1250.7142857142858
-1261.7142857142858
-1272.7142857142858
-1283.7142857142858
-1261.1428571428573
-1272.1428571428573
-1283.1428571428573
-1294.1428571428573
-1305.1428571428573
-1316.1428571428573
-1327.1428571428573
-1338.1428571428573
-1349.1428571428573
-1360.1428571428573
-1371.1428571428573
-1382.1428571428573
-1393.1428571428573
-1404.1428571428573
-1339.4761904761908
-1350.4761904761908
-1361.4761904761908
-1372.4761904761908
-1383.4761904761908
-1394.4761904761908
-1405.4761904761908
-1416.4761904761908
-1427.4761904761908
-1438.4761904761908
-1449.4761904761908
-1460.4761904761908
-1471.4761904761908
-1482.4761904761908
-1493.4761904761908
-1504.4761904761908
-1515.4761904761908
-1504.4761904761908
-1515.4761904761908
-1526.4761904761908
-1537.4761904761908
-1548.4761904761908
-1559.4761904761908
-1570.4761904761908
-1505.8095238095243
-1516.8095238095243
-1527.8095238095243
-1538.8095238095243
-1549.8095238095243
-1560.8095238095243
-1571.8095238095243
-1582.8095238095243
-1593.8095238095243
-1604.8095238095243
-1615.8095238095243
-1626.8095238095243
-1637.8095238095243
-1615.2380952380959
-1626.2380952380959
-1637.2380952380959
-1648.2380952380959
-1659.2380952380959
-1670.2380952380959
-1647.6666666666674
-1658.6666666666674
-1669.6666666666674
-1680.6666666666674
-1691.6666666666674
-1702.6666666666674
-1713.6666666666674
-1724.6666666666674
-1735.6666666666674
-1724.6666666666674
-1735.6666666666674
-1746.6666666666674
-1757.6666666666674
-1768.6666666666674
-1746.095238095239
-1757.095238095239
-1768.095238095239
-1779.095238095239
-1790.095238095239
-1801.095238095239
-1812.095238095239
-1823.095238095239
-1834.095238095239
-1845.095238095239
-1816.7619047619055
-1752.095238095239
-1763.095238095239
-1774.095238095239
-1785.095238095239
-1796.095238095239
-1807.095238095239
-1818.095238095239
-1829.095238095239
-1840.095238095239
-1851.095238095239
-1862.095238095239
-1873.095238095239
-1884.095238095239
-1895.095238095239
-1906.095238095239
-1917.095238095239
-1888.7619047619055
-1899.7619047619055
-1910.7619047619055
-1921.7619047619055
-1932.7619047619055
-1943.7619047619055
-1954.7619047619055
-1965.7619047619055
-1976.7619047619055
-1987.7619047619055
-1998.7619047619055
-2009.7619047619055
-2020.7619047619055
-2031.7619047619055
-2042.7619047619055
-2053.7619047619055
-2064.7619047619055
-2075.7619047619055
-2086.7619047619055
-2097.7619047619055
-2108.7619047619055
-2119.7619047619055
-2130.7619047619055
-2141.7619047619055
-2152.7619047619055
-2124.4285714285725
-2135.4285714285725
-2146.4285714285725
-2157.4285714285725
-2168.4285714285725
-2103.7619047619055
-2114.7619047619055
-2125.7619047619055
-2136.7619047619055
-2147.7619047619055
-2158.7619047619055
-2169.7619047619055
-2180.7619047619055
-2081.7619047619055
-2092.7619047619055
-2103.7619047619055
-2114.7619047619055
-2096.7619047619055
-2107.7619047619055
-2118.7619047619055
-2129.7619047619055
-2140.7619047619055
-2151.7619047619055
-2162.7619047619055
-2173.7619047619055
-2184.7619047619055
-2195.7619047619055
-2206.7619047619055
-2217.7619047619055
-2228.7619047619055
-2239.7619047619055
-2250.7619047619055
-2261.7619047619055
-2272.7619047619055
-2283.7619047619055
-2294.7619047619055
-2247.7619047619055
-2258.7619047619055
-2211.7619047619055
-2222.7619047619055
-2233.7619047619055
-2244.7619047619055
-2255.7619047619055
-2266.7619047619055
-2277.7619047619055
-2288.7619047619055
-2299.7619047619055
-2310.7619047619055
-2321.7619047619055
-2332.7619047619055
-2343.7619047619055
-2354.7619047619055
-2365.7619047619055
-2376.7619047619055
-2387.7619047619055
-2398.7619047619055
-2409.7619047619055
-2420.7619047619055
-2431.7619047619055
-2442.7619047619055
-2453.7619047619055
-2464.7619047619055
-2475.7619047619055
-2486.7619047619055
-2497.7619047619055
-2508.7619047619055
-2519.7619047619055
-2530.7619047619055
-2541.7619047619055
-2505.7619047619055
-2516.7619047619055
-2527.7619047619055
-2538.7619047619055
-2549.7619047619055
-2560.7619047619055
-2571.7619047619055
-2582.7619047619055
-2593.7619047619055
-2604.7619047619055
-2615.7619047619055
-2626.7619047619055
-2637.7619047619055
-2648.7619047619055
-2659.7619047619055
-2631.4285714285725
-2642.4285714285725
-2653.4285714285725
-2664.4285714285725
-2675.4285714285725
-2686.4285714285725
-2697.4285714285725
-2708.4285714285725
-2719.4285714285725
-2730.4285714285725
-2707.857142857144
-2718.857142857144
-2729.857142857144
-2740.857142857144
-2751.857142857144
-2762.857142857144
-2773.857142857144
-2784.857142857144
-2795.857142857144
-2806.857142857144
-2817.857142857144
-2828.857142857144
-2810.857142857144
-2821.857142857144
-2832.857142857144
-2843.857142857144
-2854.857142857144
-2865.857142857144
-2829.857142857144
-2840.857142857144
-2851.857142857144
-2862.857142857144
-2873.857142857144
-2884.857142857144
-2895.857142857144
-2906.857142857144
-2917.857142857144
-2928.857142857144
-2939.857142857144
-2950.857142857144
-2961.857142857144
-2925.857142857144
-2936.857142857144
-2947.857142857144
-2958.857142857144
-2969.857142857144
-2980.857142857144
-2991.857142857144
-3002.857142857144
-3013.857142857144
-3024.857142857144
-3035.857142857144
-3046.857142857144
-3057.857142857144
-3068.857142857144
-3079.857142857144
-3090.857142857144
-3101.857142857144
-3112.857142857144
-3123.857142857144
-3134.857142857144
-3145.857142857144
-3156.857142857144
-3167.857142857144
-3178.857142857144
-3189.857142857144
-3200.857142857144
-3211.857142857144
-3222.857142857144
-3233.857142857144
-3244.857142857144
-3255.857142857144
-3266.857142857144
-3277.857142857144
-3288.857142857144
-3299.857142857144
-3310.857142857144
-3321.857142857144
-3332.857142857144
-3343.857142857144
-3354.857142857144
-3365.857142857144
-3376.857142857144
-3312.190476190477
-3323.190476190477
-3334.190476190477
-3345.190476190477
-3356.190476190477
-3367.190476190477
-3378.190476190477
-3389.190476190477
-3400.190476190477
-3411.190476190477
-3422.190476190477
-3433.190476190477
-3415.190476190477
-3426.190476190477
-3437.190476190477
-3448.190476190477
-3459.190476190477
-3470.190476190477
-3481.190476190477
-3492.190476190477
-3503.190476190477
-3514.190476190477
-3525.190476190477
-3536.190476190477
-3547.190476190477
-3558.190476190477
-3569.190476190477
-3580.190476190477
-3591.190476190477
-3602.190476190477
-3613.190476190477
-3624.190476190477
-3635.190476190477
-3646.190476190477
-3657.190476190477
-3668.190476190477
-3679.190476190477
-3690.190476190477
-3701.190476190477
-3712.190476190477
-3723.190476190477
-3734.190476190477
-3687.190476190477
-3698.190476190477
-3709.190476190477
-3720.190476190477
-3731.190476190477
-3742.190476190477
-3753.190476190477
-3764.190476190477
-3749.9682539682544
-3760.9682539682544
-3771.9682539682544
-3749.396825396826
-3760.396825396826
-3771.396825396826
-3782.396825396826
-3793.396825396826
-3804.396825396826
-3815.396825396826
-3826.396825396826
-3837.396825396826
-3848.396825396826
-3859.396825396826
-3870.396825396826
-3834.396825396826
-3845.396825396826
-3856.396825396826
-3867.396825396826
-3878.396825396826
-3889.396825396826
-3900.396825396826
-3911.396825396826
-3922.396825396826
-3933.396825396826
-3944.396825396826
-3955.396825396826
-3966.396825396826
-3977.396825396826
-3988.396825396826
-3999.396825396826
-4010.396825396826
-3982.063492063493
-3993.063492063493
-4004.063492063493
-4015.063492063493
-4026.063492063493
-4037.063492063493
-4048.063492063493
-4059.063492063493
-4070.063492063493
-4081.063492063493
-4092.063492063493
-4103.063492063493
-4114.063492063493
-4125.063492063493
-4026.063492063493
-4015.063492063493
-4026.063492063493
-4037.063492063493
-4048.063492063493
-4059.063492063493
-4070.063492063493
-4081.063492063493
-4092.063492063493
-4103.063492063493
-4114.063492063493
-4125.063492063493
-4136.063492063493
-4147.063492063493
-4158.063492063493
-4129.730158730159
-4101.396825396825
-4112.396825396825
-4123.396825396825
-4134.396825396825
-4145.396825396825
-4156.396825396825
-4167.396825396825
-4178.396825396825
-4079.396825396825
-4090.396825396825
-4054.396825396825
-4065.396825396825
-4076.396825396825
-4087.396825396825
-4098.396825396825
-4109.396825396825
-4120.396825396825
-4131.396825396825
-4142.396825396825
-4153.396825396825
-4164.396825396825
-4175.396825396825
-4186.396825396825
-4197.396825396825
-4208.396825396825
-4219.396825396825
-4230.396825396825
