-11
-22
-33
-44
-55
-66
-77
-88
-99
-110
-121
-132
-143
-154
-165
-176
-187
-198
-209
-110.0
-121.0
-85.0
-67.0
-78.0
-89.0
-100.0
-111.0
-122.0
-107.77777777777777
-96.77777777777777
-107.77777777777777
-118.77777777777777
-129.77777777777777
-140.77777777777777
-151.77777777777777
-87.11111111111109
11.888888888888914
0.8888888888889142
-10.111111111111086
-21.111111111111086
-32.111111111111086
-43.111111111111086
-54.111111111111086
-65.11111111111109
-76.11111111111109
-87.11111111111109
-98.11111111111109
-109.11111111111109
-120.11111111111109
-131.1111111111111
-142.1111111111111
-153.1111111111111
-164.1111111111111
-175.1111111111111
-76.11111111111109
-87.11111111111109
-64.5396825396825
-75.5396825396825
-86.5396825396825
-39.5396825396825
-50.5396825396825
-61.5396825396825
-72.5396825396825
-83.5396825396825
-94.5396825396825
-105.5396825396825
-116.5396825396825
-127.5396825396825
-138.5396825396825
-149.5396825396825
-160.5396825396825
-171.5396825396825
-182.5396825396825
-193.5396825396825
-204.5396825396825
-215.5396825396825
-226.5396825396825
-237.5396825396825
-214.96825396825395
-225.96825396825395
-236.96825396825395
-247.96825396825395
-258.968253968254
-269.968253968254
-280.968253968254
-291.968253968254
-302.968253968254
-313.968253968254
-324.968253968254
-288.968253968254
-299.968253968254
-310.968253968254
-321.968253968254
-332.968253968254
-343.968253968254
-354.968253968254
-365.968253968254
-376.968253968254
-387.968253968254
-398.968253968254
-409.968253968254
-420.968253968254
-431.968253968254
-442.968253968254
-453.968253968254
-464.968253968254
-475.968253968254
-486.968253968254
-497.968253968254
-508.968253968254
-519.968253968254
-530.968253968254
-541.968253968254
-552.968253968254
-563.968253968254
-552.968253968254
-563.968253968254
-574.968253968254
-585.968253968254
-596.968253968254
-607.968253968254
-618.968253968254
-629.968253968254
-640.968253968254
-651.968253968254
-662.968253968254
-673.968253968254
-684.968253968254
-662.3968253968253
-673.3968253968253
-684.3968253968253
-695.3968253968253
-706.3968253968253
-717.3968253968253
-728.3968253968253
-739.3968253968253
-750.3968253968253
-761.3968253968253
-772.3968253968253
-783.3968253968253
-794.3968253968253
-805.3968253968253
-816.3968253968253
-827.3968253968253
-838.3968253968253
-849.3968253968253
-860.3968253968253
-871.3968253968253
-882.3968253968253
-893.3968253968253
-904.3968253968253
-915.3968253968253
-926.3968253968253
-937.3968253968253
-948.3968253968253
-959.3968253968253
-970.3968253968253
-981.3968253968253
-934.3968253968253
-945.3968253968253
-956.3968253968253
-967.3968253968253
-978.3968253968253
-989.3968253968253
-1000.3968253968253
-1011.3968253968253
-1022.3968253968253
-1033.3968253968253
-1044.3968253968253
-1055.3968253968253
-1066.3968253968253
-1077.3968253968253
-1066.3968253968253
-1077.3968253968253
-1088.3968253968253
-1099.3968253968253
-1110.3968253968253
-1121.3968253968253
-1110.3968253968253
-1121.3968253968253
-1132.3968253968253
-1143.3968253968253
-1154.3968253968253
-1165.3968253968253
-1176.3968253968253
-1187.3968253968253
-1198.3968253968253
-1209.3968253968253
-1220.3968253968253
-1231.3968253968253
-1242.3968253968253
-1253.3968253968253
-1264.3968253968253
-1275.3968253968253
-1286.3968253968253
-1297.3968253968253
-1308.3968253968253
-1319.3968253968253
-1330.3968253968253
-1341.3968253968253
-1352.3968253968253
-1363.3968253968253
-1374.3968253968253
-1385.3968253968253
-1396.3968253968253
-1407.3968253968253
-1418.3968253968253
-1429.3968253968253
-1440.3968253968253
-1451.3968253968253
-1462.3968253968253
-1473.3968253968253
-1484.3968253968253
-1495.3968253968253
-1506.3968253968253
-1517.3968253968253
-1528.3968253968253
-1492.3968253968253
-1503.3968253968253
-1514.3968253968253
-1525.3968253968253
-1536.3968253968253
-1547.3968253968253
-1558.3968253968253
-1569.3968253968253
-1580.3968253968253
-1591.3968253968253
-1602.3968253968253
-1613.3968253968253
-1624.3968253968253
-1635.3968253968253
-1646.3968253968253
-1657.3968253968253
-1668.3968253968253
-1679.3968253968253
-1690.3968253968253
-1701.3968253968253
-1712.3968253968253
-1723.3968253968253
-1734.3968253968253
-1716.3968253968253
-1727.3968253968253
-1738.3968253968253
-1749.3968253968253
-1760.3968253968253
-1771.3968253968253
-1782.3968253968253
-1793.3968253968253
-1804.3968253968253
-1815.3968253968253
-1826.3968253968253
-1837.3968253968253
-1848.3968253968253
-1859.3968253968253
-1870.3968253968253
-1881.3968253968253
-1892.3968253968253
-1903.3968253968253
-1914.3968253968253
-1925.3968253968253
-1936.3968253968253
-1947.3968253968253
-1958.3968253968253
-1969.3968253968253
-1980.3968253968253
-1991.3968253968253
-2002.3968253968253
-2013.3968253968253
-2024.3968253968253
-2035.3968253968253
-2046.3968253968253
-2057.396825396825
-2068.396825396825
-2079.396825396825
-1980.396825396825
-1991.396825396825
-2002.396825396825
-1988.174603174603
-1999.174603174603
-2010.174603174603
-2021.174603174603
-2032.174603174603
-1933.174603174603
-1944.174603174603
-1955.174603174603
-1966.174603174603
-1977.174603174603
-1988.174603174603
-1999.174603174603
-2010.174603174603
-2021.174603174603
-2032.174603174603
-2043.174603174603
-2054.174603174603
-2018.174603174603
-2029.174603174603
-2040.174603174603
-2051.174603174603
-2062.174603174603
-2073.174603174603
-2084.174603174603
-2095.174603174603
-2106.174603174603
-2117.174603174603
-2128.174603174603
-2139.174603174603
-2150.174603174603
-2161.174603174603
-2172.174603174603
-2183.174603174603
-2160.6031746031745
-2171.6031746031745
-2182.6031746031745
-2193.6031746031745
-2204.6031746031745
-2215.6031746031745
-2201.380952380952
-2173.047619047619
-2184.047619047619
-2195.047619047619
-2166.714285714286
-2177.714285714286
-2155.1428571428573
-2166.1428571428573
-2177.1428571428573
-2188.1428571428573
-2199.1428571428573
-2210.1428571428573
-2221.1428571428573
-2174.1428571428573
-2185.1428571428573
-2170.9206349206347
-2181.9206349206347
-2192.9206349206347
-2203.9206349206347
-2214.9206349206347
-2225.9206349206347
-2203.3492063492063
-2214.3492063492063
-2225.3492063492063
-2236.3492063492063
-2247.3492063492063
-2258.3492063492063
-2269.3492063492063
-2280.3492063492063
-2291.3492063492063
-2302.3492063492063
-2313.3492063492063
-2324.3492063492063
-2301.777777777778
-2312.777777777778
-2323.777777777778
-2334.777777777778
-2345.777777777778
-2356.777777777778
-2367.777777777778
-2378.777777777778
-2389.777777777778
-2400.777777777778
-2301.777777777778
-2312.777777777778
-2323.777777777778
-2334.777777777778
-2345.777777777778
-2317.444444444445
-2328.444444444445
-2339.444444444445
-2350.444444444445
-2361.444444444445
-2372.444444444445
-2358.222222222222
-2369.222222222222
-2380.222222222222
-2391.222222222222
-2402.222222222222
-2413.222222222222
-2424.222222222222
-2435.222222222222
-2446.222222222222
-2423.6507936507937
-2434.6507936507937
-2445.6507936507937
-2456.6507936507937
-2467.6507936507937
-2445.0793650793653
-2416.7460317460323
-2427.7460317460323
-2438.7460317460323
-2449.7460317460323
-2460.7460317460323
-2471.7460317460323
-2482.7460317460323
-2493.7460317460323
-2504.7460317460323
-2515.7460317460323
-2526.7460317460323
-2537.7460317460323
-2548.7460317460323
-2559.7460317460323
-2570.7460317460323
-2581.7460317460323
-2592.7460317460323
-2603.7460317460323
-2614.7460317460323
-2625.7460317460323
-2636.7460317460323
-2647.7460317460323
-2658.7460317460323
-2669.7460317460323
-2680.7460317460323
-2691.7460317460323
-2702.7460317460323
-2713.7460317460323
-2724.7460317460323
-2735.7460317460323
-2746.7460317460323
-2757.7460317460323
-2746.7460317460323
-2757.7460317460323
-2768.7460317460323
-2779.7460317460323
-2790.7460317460323
-2801.7460317460323
-2812.7460317460323
-2823.7460317460323
-2834.7460317460323
-2845.7460317460323
-2856.7460317460323
-2867.7460317460323
-2878.7460317460323
-2889.7460317460323
-2900.7460317460323
-2911.7460317460323
-2922.7460317460323
-2933.7460317460323
-2944.7460317460323
-2955.7460317460323
-2966.7460317460323
-2977.7460317460323
-2988.7460317460323
-2999.7460317460323
-3010.7460317460323
-3021.7460317460323
-3032.7460317460323
-3021.7460317460323
-3032.7460317460323
-3043.7460317460323
-3054.7460317460323
-3065.7460317460323
-3076.7460317460323
-3087.7460317460323
-3098.7460317460323
-3109.7460317460323
-3120.7460317460323
-3131.7460317460323
-3103.4126984126992
-3114.4126984126992
-3125.4126984126992
-3136.4126984126992
-3147.4126984126992
-3158.4126984126992
-3169.4126984126992
-3180.4126984126992
-3166.1904761904766
-3137.8571428571436
-3148.8571428571436
-3159.8571428571436
-3170.8571428571436
-3181.8571428571436
-3192.8571428571436
-3203.8571428571436
-3214.8571428571436
-3225.8571428571436
-3236.8571428571436
-3247.8571428571436
-3258.8571428571436
-3269.8571428571436
-3280.8571428571436
-3291.8571428571436
-3192.8571428571436
-3203.8571428571436
-3214.8571428571436
-3225.8571428571436
-3236.8571428571436
-3247.8571428571436
-3258.8571428571436
-3269.8571428571436
-3280.8571428571436
-3291.8571428571436
-3302.8571428571436
-3313.8571428571436
-3324.8571428571436
-3288.8571428571436
-3299.8571428571436
-3277.285714285715
-3288.285714285715
-3299.285714285715
-3310.285714285715
-3321.285714285715
-3332.285714285715
-3343.285714285715
-3354.285714285715
-3318.285714285715
-3329.285714285715
-3340.285714285715
-3241.285714285715
-3252.285714285715
-3263.285714285715
-3274.285714285715
-3285.285714285715
-3296.285714285715
-3307.285714285715
-3318.285714285715
-3329.285714285715
-3340.285714285715
-3351.285714285715
-3362.285714285715
-3373.285714285715
-3384.285714285715
-3395.285714285715
-3406.285714285715
-3417.285714285715
-3428.285714285715
-3439.285714285715
-3450.285714285715
-3461.285714285715
-3472.285714285715
-3483.285714285715
-3494.285714285715
-3505.285714285715
-3516.285714285715
-3527.285714285715
-3538.285714285715
-3549.285714285715
-3560.285714285715
-3571.285714285715
-3582.285714285715
-3593.285714285715
-3604.285714285715
-3615.285714285715
-3626.285714285715
-3612.0634920634925
-3623.0634920634925
-3634.0634920634925
-3645.0634920634925
-3656.0634920634925
-3667.0634920634925
-3678.0634920634925
-3689.0634920634925
-3666.492063492064
-3677.492063492064
-3688.492063492064
-3699.492063492064
-3710.492063492064
-3721.492063492064
-3732.492063492064
-3743.492063492064
-3732.492063492064
-3743.492063492064
-3754.492063492064
-3765.492063492064
-3776.492063492064
-3787.492063492064
-3798.492063492064
-3809.492063492064
-3820.492063492064
-3831.492063492064
-3795.492063492064
-3806.492063492064
-3817.492063492064
-3828.492063492064
-3839.492063492064
-3850.492063492064
-3861.492063492064
-3872.492063492064
-3883.492063492064
-3894.492063492064
-3905.492063492064
-3877.158730158731
-3888.158730158731
-3899.158730158731
-3910.158730158731
-3921.158730158731
-3932.158730158731
-3943.158730158731
-3954.158730158731
-3965.158730158731
-3976.158730158731
-3987.158730158731
-3998.158730158731
-3987.158730158731
-3998.158730158731
-4009.158730158731
-4020.158730158731
-4031.158730158731
-4042.158730158731
-4053.158730158731
-4064.158730158731
-4075.158730158731
-4086.158730158731
-4097.1587301587315
-4108.1587301587315
-4119.1587301587315
-4130.1587301587315
-4141.1587301587315
-4152.1587301587315
-4163.1587301587315
-4174.1587301587315
-4185.1587301587315
-4196.1587301587315
-4207.1587301587315
-4218.1587301587315
-4229.1587301587315
-4240.1587301587315
-4222.1587301587315
-4233.1587301587315
-4210.587301587302
-4221.587301587302
-4232.587301587302
-4243.587301587302
-4254.587301587302
-4265.587301587302
-4276.587301587302
-4287.587301587302
-4298.587301587302
-4309.587301587302
-4320.587301587302
-4309.587301587302
-4320.587301587302
-4331.587301587302
-4342.587301587302
-4353.587301587302
-4254.587301587302
-4265.587301587302
-4276.587301587302
-4287.587301587302
-4222.920634920636
-4233.920634920636
-4244.920634920636
-4255.920634920636
-4266.920634920636
-4277.920634920636
-4288.920634920636
-4299.920634920636
-4310.920634920636
-4321.920634920636
-4332.920634920636
-4343.920634920636
-4354.920634920636
-4365.920634920636
-4376.920634920636
-4387.920634920636
-4398.920634920636
-4409.920634920636
-4420.920634920636
-4431.920634920636
-4442.920634920636
-4453.920634920636
-4464.920634920636
-4475.920634920636
-4486.920634920636
-4497.920634920636
-4508.920634920636
-4486.349206349207
-4450.349206349207
-4461.349206349207
-4472.349206349207
-4483.349206349207
-4494.349206349207
-4505.349206349207
-4516.349206349207
-4527.349206349207
-4538.349206349207
-4549.349206349207
-4560.349206349207
-4571.349206349207
-4582.349206349207
-4593.349206349207
-4604.349206349207
-4586.349206349207
-4597.349206349207
-4586.349206349207
-4597.349206349207
-4608.349206349207
-4619.349206349207
-4630.349206349207
