-11
-22
-33
-44
-55
-66
-77
-88
-70.0
-81.0
-70.0
-81.0
-92.0
-103.0
-114.0
-125.0
-136.0
-147.0
-158.0
-169.0
-180.0
-191.0
-202.0
-213.0
-224.0
-235.0
-246.0
-257.0
-268.0
-279.0
-290.0
-301.0
-312.0
-323.0
-334.0
-345.0
-356.0
-367.0
-302.33333333333337
-313.33333333333337
-324.33333333333337
-335.33333333333337
-346.33333333333337
-357.33333333333337
-368.33333333333337
-379.33333333333337
-390.33333333333337
-401.33333333333337
-412.33333333333337
-423.33333333333337
-434.33333333333337
-445.33333333333337
-456.33333333333337
-467.33333333333337
-478.33333333333337
-489.33333333333337
-500.33333333333337
-511.33333333333337
-522.3333333333334
-533.3333333333334
-544.3333333333334
-555.3333333333334
-566.3333333333334
-577.3333333333334
-588.3333333333334
-599.3333333333334
-610.3333333333334
-596.1111111111112
-607.1111111111112
-618.1111111111112
-629.1111111111112
-640.1111111111112
-651.1111111111112
-662.1111111111112
-673.1111111111112
-684.1111111111112
-695.1111111111112
-680.888888888889
-691.888888888889
-702.888888888889
-713.888888888889
-691.3174603174604
-626.6507936507936
-637.6507936507936
-648.6507936507936
-634.4285714285714
-587.4285714285714
-598.4285714285714
-609.4285714285714
-620.4285714285714
-631.4285714285714
-642.4285714285714
-653.4285714285714
-664.4285714285714
-675.4285714285714
-686.4285714285714
-697.4285714285714
-708.4285714285714
-719.4285714285714
-730.4285714285714
-741.4285714285714
-752.4285714285714
-763.4285714285714
-774.4285714285714
-785.4285714285714
-796.4285714285714
-807.4285714285714
-818.4285714285714
-829.4285714285714
-840.4285714285714
-851.4285714285714
-862.4285714285714
-873.4285714285714
-884.4285714285714
-895.4285714285714
-906.4285714285714
-917.4285714285714
-928.4285714285714
-939.4285714285714
-950.4285714285714
-961.4285714285714
-972.4285714285714
-983.4285714285714
-994.4285714285714
-1005.4285714285714
-1016.4285714285714
-1027.4285714285716
-1038.4285714285716
-1049.4285714285716
-1060.4285714285716
-1071.4285714285716
-1082.4285714285716
-1093.4285714285716
-1070.8571428571431
-1081.8571428571431
-1092.8571428571431
-1103.8571428571431
-1114.8571428571431
-1125.8571428571431
-1136.8571428571431
-1147.8571428571431
-1158.8571428571431
-1169.8571428571431
-1180.8571428571431
-1191.8571428571431
-1144.8571428571431
-1155.8571428571431
-1166.8571428571431
-1177.8571428571431
-1188.8571428571431
-1199.8571428571431
-1210.8571428571431
-1221.8571428571431
-1232.8571428571431
-1210.2857142857147
-1221.2857142857147
-1232.2857142857147
-1243.2857142857147
-1254.2857142857147
-1265.2857142857147
-1276.2857142857147
-1287.2857142857147
-1264.7142857142862
-1275.7142857142862
-1286.7142857142862
-1297.7142857142862
-1308.7142857142862
-1319.7142857142862
-1330.7142857142862
-1341.7142857142862
-1352.7142857142862
-1363.7142857142862
-1374.7142857142862
-1385.7142857142862
-1396.7142857142862
-1407.7142857142862
-1418.7142857142862
-1429.7142857142862
-1440.7142857142862
-1451.7142857142862
-1462.7142857142862
-1473.7142857142862
-1484.7142857142862
-1495.7142857142862
-1506.7142857142862
-1517.7142857142862
-1528.7142857142862
-1539.7142857142862
-1550.7142857142862
-1561.7142857142862
-1572.7142857142862
-1544.3809523809527
-1555.3809523809527
-1566.3809523809527
-1577.3809523809527
-1588.3809523809527
-1599.3809523809527
-1610.3809523809527
-1621.3809523809527
-1632.3809523809527
-1643.3809523809527
-1654.3809523809527
-1665.3809523809527
-1676.3809523809527
-1687.3809523809527
-1698.3809523809527
-1709.3809523809527
-1720.3809523809527
-1731.3809523809527
-1742.3809523809527
-1753.3809523809527
-1764.3809523809527
-1775.3809523809527
-1786.3809523809527
-1797.3809523809527
-1808.3809523809527
-1819.3809523809527
-1830.3809523809527
-1841.3809523809527
-1852.3809523809527
-1863.3809523809527
-1874.3809523809527
-1885.3809523809527
-1820.7142857142862
-1831.7142857142862
-1842.7142857142862
-1853.7142857142862
-1864.7142857142862
-1875.7142857142862
-1886.7142857142862
-1858.3809523809527
-1869.3809523809527
-1858.3809523809527
-1822.3809523809527
-1833.3809523809527
-1844.3809523809527
-1855.3809523809527
-1866.3809523809527
-1877.3809523809527
-1888.3809523809527
-1899.3809523809527
-1910.3809523809527
-1921.3809523809527
-1898.8095238095243
-1887.8095238095243
-1898.8095238095243
-1909.8095238095243
-1920.8095238095243
-1884.8095238095243
-1895.8095238095243
-1906.8095238095243
-1917.8095238095243
-1928.8095238095243
-1939.8095238095243
-1950.8095238095243
-1961.8095238095243
-1972.8095238095243
-1983.8095238095243
-1994.8095238095243
-2005.8095238095243
-2016.8095238095243
-2027.8095238095243
-2038.8095238095243
-2049.8095238095243
-2060.8095238095243
-1961.8095238095243
-1972.8095238095243
-1936.8095238095243
-1947.8095238095243
-1958.8095238095243
-1936.2380952380959
-1947.2380952380959
-1958.2380952380959
-1969.2380952380959
-1980.2380952380959
-1991.2380952380959
-2002.2380952380959
-2013.2380952380959
-2024.2380952380959
-2035.2380952380959
-2046.2380952380959
-2057.238095238096
-2010.2380952380959
-2021.2380952380959
-2032.2380952380959
-2043.2380952380959
-2054.238095238096
-2040.0158730158735
-2051.0158730158737
-2062.0158730158737
-2073.0158730158737
-2084.0158730158737
-2095.0158730158737
-2106.0158730158737
-2117.0158730158737
-2128.0158730158737
-2139.0158730158737
-2121.0158730158737
-2132.0158730158737
-2143.0158730158737
-2154.0158730158737
-2165.0158730158737
-2176.0158730158737
-2140.0158730158737
-2151.0158730158737
-2162.0158730158737
-2173.0158730158737
-2184.0158730158737
-2161.4444444444453
-2172.4444444444453
-2183.4444444444453
-2194.4444444444453
-2205.4444444444453
-2191.2222222222226
-2202.2222222222226
-2103.2222222222226
-2114.2222222222226
-2125.2222222222226
-2136.2222222222226
-2122.0
-2133.0
-2144.0
-2155.0
-2166.0
-2177.0
-2188.0
-2199.0
-2210.0
-2221.0
-2232.0
-2243.0
-2254.0
-2265.0
-2242.4285714285716
-2253.4285714285716
-2264.4285714285716
-2228.4285714285716
-2239.4285714285716
-2216.857142857143
-2227.857142857143
-2238.857142857143
-2249.857142857143
-2150.857142857143
-2051.857142857143
-2062.857142857143
-2073.857142857143
-2084.857142857143
-2095.857142857143
-2106.857142857143
-2117.857142857143
-2128.857142857143
-2139.857142857143
-2040.8571428571431
-2051.857142857143
-2062.857142857143
-2073.857142857143
-2084.857142857143
-2095.857142857143
-2106.857142857143
-2117.857142857143
-2128.857142857143
-2139.857142857143
-2150.857142857143
-2161.857142857143
-2172.857142857143
-2183.857142857143
-2194.857142857143
-2205.857142857143
-2141.190476190476
-2152.190476190476
-2163.190476190476
-2174.190476190476
-2185.190476190476
-2196.190476190476
-2207.190476190476
-2218.190476190476
-2229.190476190476
-2240.190476190476
-2251.190476190476
-2262.190476190476
-2273.190476190476
-2258.9682539682535
-2269.9682539682535
-2280.9682539682535
-2291.9682539682535
-2302.9682539682535
-2313.9682539682535
-2324.9682539682535
-2335.9682539682535
-2317.9682539682535
-2328.9682539682535
-2339.9682539682535
-2350.9682539682535
-2328.396825396825
-2339.396825396825
-2350.396825396825
-2361.396825396825
-2372.396825396825
-2383.396825396825
-2372.396825396825
-2383.396825396825
-2394.396825396825
-2405.396825396825
-2416.396825396825
-2427.396825396825
-2438.396825396825
-2449.396825396825
-2460.396825396825
-2471.396825396825
-2482.396825396825
-2493.396825396825
-2504.396825396825
-2515.396825396825
-2526.396825396825
-2537.396825396825
-2548.396825396825
-2559.396825396825
-2570.396825396825
-2581.396825396825
-2592.396825396825
-2603.396825396825
-2614.396825396825
-2625.396825396825
-2636.396825396825
-2537.396825396825
-2548.396825396825
-2559.396825396825
-2570.396825396825
-2552.396825396825
-2563.396825396825
-2574.396825396825
-2585.396825396825
-2596.396825396825
-2607.396825396825
-2618.396825396825
-2629.396825396825
-2640.396825396825
-2651.396825396825
-2662.396825396825
-2673.396825396825
-2684.396825396825
-2695.396825396825
-2706.396825396825
-2717.396825396825
-2728.396825396825
-2739.396825396825
-2750.396825396825
-2722.063492063492
-2686.063492063492
-2639.063492063492
-2650.063492063492
-2661.063492063492
-2672.063492063492
-2683.063492063492
-2672.063492063492
-2683.063492063492
-2694.063492063492
-2705.063492063492
-2716.063492063492
-2727.063492063492
-2738.063492063492
-2691.063492063492
-2702.063492063492
-2713.063492063492
-2724.063492063492
-2735.063492063492
-2746.063492063492
-2757.063492063492
-2768.063492063492
-2779.063492063492
-2790.063492063492
-2801.063492063492
-2812.063492063492
-2823.063492063492
-2834.063492063492
-2845.063492063492
-2856.063492063492
-2867.063492063492
-2878.063492063492
-2889.063492063492
-2900.063492063492
-2911.063492063492
-2922.063492063492
-2933.063492063492
-2944.063492063492
-2845.063492063492
-2856.063492063492
-2867.063492063492
-2878.063492063492
-2889.063492063492
-2900.063492063492
-2911.063492063492
-2922.063492063492
-2933.063492063492
-2944.063492063492
-2955.063492063492
-2966.063492063492
-2951.8412698412694
-2962.8412698412694
-2973.8412698412694
-2984.8412698412694
-2995.8412698412694
-2973.269841269841
-2937.269841269841
-2948.269841269841
-2959.269841269841
-2948.269841269841
-2959.269841269841
-2970.269841269841
-2981.269841269841
-2992.269841269841
-2981.269841269841
-2992.269841269841
-3003.269841269841
-3014.269841269841
-3025.269841269841
-3036.269841269841
-3047.269841269841
-3058.269841269841
-3069.269841269841
-3080.269841269841
-3051.936507936508
-3062.936507936508
-3073.936507936508
-3084.936507936508
-3095.936507936508
-3106.936507936508
-3117.936507936508
-3128.936507936508
-3139.936507936508
-3150.936507936508
-3161.936507936508
-3172.936507936508
-3183.936507936508
-3194.936507936508
-3205.936507936508
-3216.936507936508
-3227.936507936508
-3238.936507936508
-3249.936507936508
-3260.936507936508
-3232.603174603175
-3243.603174603175
-3144.603174603175
-3155.603174603175
-3166.603174603175
-3177.603174603175
-3188.603174603175
-3199.603174603175
-3210.603174603175
-3221.603174603175
-3232.603174603175
-3243.603174603175
-3254.603174603175
-3265.603174603175
-3276.603174603175
-3287.603174603175
-3298.603174603175
-3309.603174603175
-3320.603174603175
-3331.603174603175
-3342.603174603175
-3331.603174603175
-3342.603174603175
-3277.936507936508
-3288.936507936508
-3299.936507936508
-3310.936507936508
-3321.936507936508
-3299.3650793650795
-3288.3650793650795
-3299.3650793650795
-3310.3650793650795
-3321.3650793650795
-3332.3650793650795
-3343.3650793650795
-3354.3650793650795
-3365.3650793650795
-3376.3650793650795
-3387.3650793650795
-3398.3650793650795
-3409.3650793650795
-3420.3650793650795
-3431.3650793650795
-3442.3650793650795
-3453.3650793650795
-3464.3650793650795
-3475.3650793650795
-3486.3650793650795
-3497.3650793650795
-3508.3650793650795
-3519.3650793650795
-3530.3650793650795
-3516.142857142857
-3527.142857142857
-3538.142857142857
-3549.142857142857
-3560.142857142857
-3571.142857142857
-3582.142857142857
-3593.142857142857
-3604.142857142857
-3615.142857142857
-3626.142857142857
-3637.142857142857
-3648.142857142857
-3659.142857142857
-3670.142857142857
-3681.142857142857
-3692.142857142857
-3703.142857142857
-3638.47619047619
-3649.47619047619
-3660.47619047619
-3671.47619047619
-3682.47619047619
-3693.47619047619
-3704.47619047619
-3715.47619047619
-3726.47619047619
-3737.47619047619
-3719.47619047619
-3730.47619047619
-3741.47619047619
-3752.47619047619
-3763.47619047619
-3740.9047619047615
-3751.9047619047615
-3762.9047619047615
-3773.9047619047615
-3784.9047619047615
-3795.9047619047615
-3806.9047619047615
-3817.9047619047615
-3828.9047619047615
-3839.9047619047615
-3850.9047619047615
-3861.9047619047615
-3762.9047619047615
-3740.333333333333
-3751.333333333333
-3762.333333333333
-3715.333333333333
-3726.333333333333
-3737.333333333333
-3748.333333333333
-3759.333333333333
-3770.333333333333
-3781.333333333333
-3792.333333333333
-3803.333333333333
-3814.333333333333
-3825.333333333333
-3836.333333333333
-3847.333333333333
-3858.333333333333
-3869.333333333333
-3880.333333333333
-3891.333333333333
-3902.333333333333
-3913.333333333333
-3885.0
-3896.0
-3907.0
-3918.0
-3929.0
-3940.0
-3951.0
-3962.0
-3973.0
-3984.0
-3995.0
-4006.0
-4017.0
-4028.0
-4039.0
-4050.0
-4061.0
-4072.0
-4083.0
-4094.0
-4105.0
-4116.0
-4127.0
-4138.0
-4149.0
-4084.3333333333335
-3985.3333333333335
-3996.3333333333335
-4007.3333333333335
-4018.3333333333335
