-11
-22
-33
-44
-55
-66
-77
-88
-99
-110
-121
-132
-143
-154
-165
-176
-187
-198
-209
-220
-231
-242
-253
-264
-275
-264.0
-275.0
-286.0
-297.0
-308.0
-319.0
-330.0
-341.0
-352.0
-363.0
-374.0
-385.0
-396.0
-385.0
-374.0
-385.0
-396.0
-407.0
-418.0
-429.0
-440.0
-451.0
-462.0
-473.0
-484.0
-495.0
-506.0
-517.0
-470.0
-481.0
-492.0
-503.0
-514.0
-525.0
-536.0
-547.0
-558.0
-522.0
-533.0
-544.0
-555.0
-526.6666666666667
-537.6666666666667
-548.6666666666667
-559.6666666666667
-570.6666666666667
-581.6666666666667
-592.6666666666667
-603.6666666666667
-614.6666666666667
-515.6666666666667
-451.0000000000001
-462.0000000000001
-473.0000000000001
-484.0000000000001
-495.0000000000001
-506.0000000000001
-517.0000000000001
-528.0000000000001
-539.0000000000001
-550.0000000000001
-561.0000000000001
-572.0000000000001
-583.0000000000001
-594.0000000000001
-605.0000000000001
-616.0000000000001
-627.0000000000001
-638.0000000000001
-649.0000000000001
-660.0000000000001
-671.0000000000001
-682.0000000000001
-693.0000000000001
-704.0000000000001
-715.0000000000001
-726.0000000000001
-737.0000000000001
-748.0000000000001
-759.0000000000001
-736.4285714285714
-747.4285714285714
-758.4285714285714
-769.4285714285714
-780.4285714285714
-791.4285714285714
-802.4285714285714
-766.4285714285714
-777.4285714285714
-788.4285714285714
-799.4285714285714
-810.4285714285714
-821.4285714285714
-832.4285714285714
-843.4285714285714
-854.4285714285714
-865.4285714285714
-800.7619047619047
-811.7619047619047
-822.7619047619047
-833.7619047619047
-844.7619047619047
-808.7619047619047
-819.7619047619047
-830.7619047619047
-841.7619047619047
-852.7619047619047
-788.095238095238
-799.095238095238
-810.095238095238
-821.095238095238
-832.095238095238
-843.095238095238
-854.095238095238
-825.7619047619047
-836.7619047619047
-847.7619047619047
-858.7619047619047
-869.7619047619047
-880.7619047619047
-891.7619047619047
-902.7619047619047
-913.7619047619047
-924.7619047619047
-877.7619047619047
-830.7619047619047
-841.7619047619047
-852.7619047619047
-863.7619047619047
-874.7619047619047
-856.7619047619047
-867.7619047619047
-878.7619047619047
-889.7619047619047
-900.7619047619047
-911.7619047619047
-922.7619047619047
-933.7619047619047
-944.7619047619047
-845.7619047619047
-856.7619047619047
-867.7619047619047
-878.7619047619047
-889.7619047619047
-900.7619047619047
-911.7619047619047
-883.4285714285714
-894.4285714285714
-905.4285714285714
-916.4285714285714
-927.4285714285714
-938.4285714285714
-949.4285714285714
-960.4285714285714
-971.4285714285714
-982.4285714285714
-993.4285714285714
-1004.4285714285714
-1015.4285714285714
-1026.4285714285716
-1037.4285714285716
-1048.4285714285716
-1059.4285714285716
-1070.4285714285716
-1081.4285714285716
-1092.4285714285716
-1103.4285714285716
-1114.4285714285716
-1125.4285714285716
-1136.4285714285716
-1147.4285714285716
-1158.4285714285716
-1140.4285714285716
-1151.4285714285716
-1162.4285714285716
-1173.4285714285716
-1184.4285714285716
-1195.4285714285716
-1206.4285714285716
-1217.4285714285716
-1228.4285714285716
-1181.4285714285716
-1192.4285714285716
-1203.4285714285716
-1214.4285714285716
-1225.4285714285716
-1236.4285714285716
-1247.4285714285716
-1258.4285714285716
-1159.4285714285716
-1170.4285714285716
-1181.4285714285716
-1192.4285714285716
-1203.4285714285716
-1214.4285714285716
-1225.4285714285716
-1236.4285714285716
-1171.761904761905
-1182.761904761905
-1193.761904761905
-1204.761904761905
-1215.761904761905
-1226.761904761905
-1237.761904761905
-1248.761904761905
-1259.761904761905
-1270.761904761905
-1281.761904761905
-1292.761904761905
-1303.761904761905
-1314.761904761905
-1215.761904761905
-1226.761904761905
-1204.1904761904766
-1215.1904761904766
-1226.1904761904766
-1237.1904761904766
-1248.1904761904766
-1259.1904761904766
-1270.1904761904766
-1281.1904761904766
-1270.1904761904766
-1281.1904761904766
-1292.1904761904766
-1303.1904761904766
-1314.1904761904766
-1325.1904761904766
-1336.1904761904766
-1313.6190476190482
-1324.6190476190482
-1335.6190476190482
-1346.6190476190482
-1310.6190476190482
-1321.6190476190482
-1332.6190476190482
-1343.6190476190482
-1354.6190476190482
-1365.6190476190482
-1376.6190476190482
-1387.6190476190482
-1398.6190476190482
-1409.6190476190482
-1420.6190476190482
-1431.6190476190482
-1442.6190476190482
-1453.6190476190482
-1464.6190476190482
-1475.6190476190482
-1486.6190476190482
-1497.6190476190482
-1508.6190476190482
-1519.6190476190482
-1530.6190476190482
-1541.6190476190482
-1530.6190476190482
-1541.6190476190482
-1552.6190476190482
-1563.6190476190482
-1574.6190476190482
-1585.6190476190482
-1596.6190476190482
-1607.6190476190482
-1618.6190476190482
-1629.6190476190482
-1640.6190476190482
-1651.6190476190482
-1552.6190476190482
-1563.6190476190482
-1574.6190476190482
-1585.6190476190482
-1596.6190476190482
-1607.6190476190482
-1618.6190476190482
-1629.6190476190482
-1640.6190476190482
-1651.6190476190482
-1623.2857142857147
-1634.2857142857147
-1645.2857142857147
-1656.2857142857147
-1633.7142857142862
-1534.7142857142862
-1470.0476190476197
-1481.0476190476197
-1492.0476190476197
-1503.0476190476197
-1514.0476190476197
-1525.0476190476197
-1536.0476190476197
-1547.0476190476197
-1558.0476190476197
-1569.0476190476197
-1580.0476190476197
-1591.0476190476197
-1602.0476190476197
-1613.0476190476197
-1590.4761904761913
-1601.4761904761913
-1612.4761904761913
-1623.4761904761913
-1634.4761904761913
-1645.4761904761913
-1656.4761904761913
-1667.4761904761913
-1649.4761904761913
-1660.4761904761913
-1671.4761904761913
-1682.4761904761913
-1693.4761904761913
-1670.9047619047628
-1681.9047619047628
-1692.9047619047628
-1703.9047619047628
-1714.9047619047628
-1725.9047619047628
-1736.9047619047628
-1747.9047619047628
-1758.9047619047628
-1769.9047619047628
-1780.9047619047628
-1791.9047619047628
-1802.9047619047628
-1813.9047619047628
-1824.9047619047628
-1835.9047619047628
-1846.9047619047628
-1857.9047619047628
-1868.9047619047628
-1879.9047619047628
-1890.9047619047628
-1901.9047619047628
-1912.9047619047628
-1884.5714285714294
-1895.5714285714294
-1877.5714285714294
-1888.5714285714294
-1870.5714285714294
-1881.5714285714294
-1853.2380952380959
-1864.2380952380959
-1875.2380952380959
-1886.2380952380959
-1897.2380952380959
-1908.2380952380959
-1919.2380952380959
-1930.2380952380959
-1941.2380952380959
-1952.2380952380959
-1963.2380952380959
-1974.2380952380959
-1985.2380952380959
-1996.2380952380959
-2007.2380952380959
-2018.2380952380959
-2007.2380952380959
-2018.2380952380959
-2029.2380952380959
-2040.2380952380959
-2051.238095238096
-2062.238095238096
-2073.238095238096
-2084.238095238096
-2095.238095238096
-2077.238095238096
-2088.238095238096
-2099.238095238096
-2088.238095238096
-2099.238095238096
-2110.238095238096
-2121.238095238096
-2132.238095238096
-2143.238095238096
-2154.238095238096
-2165.238095238096
-2176.238095238096
-2187.238095238096
-2198.238095238096
-2209.238095238096
-2220.238095238096
-2231.238095238096
-2242.238095238096
-2253.238095238096
-2264.238095238096
-2275.238095238096
-2286.238095238096
-2297.238095238096
-2308.238095238096
-2319.238095238096
-2330.238095238096
-2341.238095238096
-2352.238095238096
-2363.238095238096
-2374.238095238096
-2385.238095238096
-2396.238095238096
-2407.238095238096
-2418.238095238096
-2429.238095238096
-2440.238095238096
-2451.238095238096
-2462.238095238096
-2473.238095238096
-2484.238095238096
-2495.238095238096
-2506.238095238096
-2517.238095238096
-2528.238095238096
-2539.238095238096
-2550.238095238096
-2561.238095238096
-2572.238095238096
-2583.238095238096
-2594.238095238096
-2605.238095238096
-2616.238095238096
-2627.238095238096
-2638.238095238096
-2620.238095238096
-2631.238095238096
-2642.238095238096
-2653.238095238096
-2664.238095238096
-2641.6666666666674
-2652.6666666666674
-2663.6666666666674
-2674.6666666666674
-2685.6666666666674
-2696.6666666666674
-2707.6666666666674
-2718.6666666666674
-2619.6666666666674
-2630.6666666666674
-2641.6666666666674
-2652.6666666666674
-2663.6666666666674
-2674.6666666666674
-2685.6666666666674
-2696.6666666666674
-2707.6666666666674
-2685.095238095239
-2696.095238095239
-2707.095238095239
-2718.095238095239
-2729.095238095239
-2740.095238095239
-2751.095238095239
-2740.095238095239
-2751.095238095239
-2762.095238095239
-2773.095238095239
-2784.095238095239
-2795.095238095239
-2806.095238095239
-2817.095238095239
-2828.095238095239
-2839.095238095239
-2850.095238095239
-2861.095238095239
-2872.095238095239
-2883.095238095239
-2894.095238095239
-2905.095238095239
-2916.095238095239
-2927.095238095239
-2938.095238095239
-2949.095238095239
-2960.095238095239
-2971.095238095239
-2982.095238095239
-2993.095238095239
-3004.095238095239
-2993.095238095239
-3004.095238095239
-3015.095238095239
-3004.095238095239
-3015.095238095239
-3026.095238095239
-3037.095238095239
-2938.095238095239
-2949.095238095239
-2960.095238095239
-2971.095238095239
-2982.095238095239
-2993.095238095239
-3004.095238095239
-3015.095238095239
-3026.095238095239
-3037.095238095239
-3048.095238095239
-3059.095238095239
-2994.428571428572
-3005.428571428572
-3016.428571428572
-3027.428571428572
-3038.428571428572
-3049.428571428572
-3060.428571428572
-3071.428571428572
-3082.428571428572
-3093.428571428572
-3046.428571428572
-3057.428571428572
-3068.428571428572
-3079.428571428572
-3090.428571428572
-3101.428571428572
-3112.428571428572
-3123.428571428572
-3134.428571428572
-3145.428571428572
-3156.428571428572
-3167.428571428572
-3178.428571428572
-3189.428571428572
-3200.428571428572
-3211.428571428572
-3222.428571428572
-3233.428571428572
-3244.428571428572
-3255.428571428572
-3266.428571428572
-3277.428571428572
-3288.428571428572
-3241.428571428572
-3252.428571428572
-3187.761904761905
-3198.761904761905
-3209.761904761905
-3220.761904761905
-3231.761904761905
-3242.761904761905
-3253.761904761905
-3264.761904761905
-3275.761904761905
-3286.761904761905
-3297.761904761905
-3308.761904761905
-3319.761904761905
-3330.761904761905
-3341.761904761905
-3352.761904761905
-3363.761904761905
-3335.428571428572
-3346.428571428572
-3357.428571428572
-3368.428571428572
-3379.428571428572
-3390.428571428572
-3401.428571428572
-3412.428571428572
-3401.428571428572
-3412.428571428572
-3423.428571428572
-3434.428571428572
-3398.428571428572
-3409.428571428572
-3386.8571428571436
-3397.8571428571436
-3408.8571428571436
-3419.8571428571436
-3430.8571428571436
-3441.8571428571436
-3394.8571428571436
-3405.8571428571436
-3416.8571428571436
-3427.8571428571436
-3438.8571428571436
-3449.8571428571436
-3460.8571428571436
-3471.8571428571436
-3482.8571428571436
-3493.8571428571436
-3465.5238095238105
-3476.5238095238105
-3487.5238095238105
-3451.5238095238105
-3462.5238095238105
-3473.5238095238105
-3484.5238095238105
-3495.5238095238105
-3506.5238095238105
-3517.5238095238105
-3528.5238095238105
-3539.5238095238105
-3550.5238095238105
-3561.5238095238105
-3572.5238095238105
-3583.5238095238105
-3594.5238095238105
-3605.5238095238105
-3616.5238095238105
-3627.5238095238105
-3638.5238095238105
-3649.5238095238105
-3660.5238095238105
-3671.5238095238105
-3682.5238095238105
-3693.5238095238105
-3704.5238095238105
-3715.5238095238105
-3726.5238095238105
-3737.5238095238105
-3748.5238095238105
-3759.5238095238105
-3770.5238095238105
-3781.5238095238105
-3792.5238095238105
-3693.5238095238105
-3704.5238095238105
-3715.5238095238105
-3726.5238095238105
-3737.5238095238105
-3748.5238095238105
-3734.301587301588
-3745.301587301588
-3756.301587301588
-3767.301587301588
-3778.301587301588
-3789.301587301588
-3800.301587301588
-3811.301587301588
-3788.7301587301595
-3799.7301587301595
-3810.7301587301595
-3821.7301587301595
-3832.7301587301595
-3843.7301587301595
-3854.7301587301595
-3865.7301587301595
-3801.0634920634925
-3765.0634920634925
-3776.0634920634925
-3787.0634920634925
-3798.0634920634925
-3809.0634920634925
-3820.0634920634925
-3831.0634920634925
-3842.0634920634925
-3853.0634920634925
-3864.0634920634925
-3875.0634920634925
-3886.0634920634925
-3897.0634920634925
-3908.0634920634925
-3919.0634920634925
-3930.0634920634925
-3941.0634920634925
-3952.0634920634925
-3963.0634920634925
-3974.0634920634925
-3985.0634920634925
-3996.0634920634925
-4007.0634920634925
-4018.0634920634925
-4029.0634920634925
-4040.0634920634925
-4051.0634920634925
-4062.0634920634925
-4073.0634920634925
-4084.0634920634925
-3985.0634920634925
-3996.0634920634925
-4007.0634920634925
-4018.0634920634925
-4029.0634920634925
-4040.0634920634925
-4051.0634920634925
