-11
-22
0.571428571428573
-10.428571428571427
-21.428571428571427
-32.42857142857143
-43.42857142857143
-54.42857142857143
-65.42857142857143
-76.42857142857143
-87.42857142857143
-73.2063492063492
-84.2063492063492
-95.2063492063492
-66.87301587301586
-77.87301587301586
-88.87301587301586
-99.87301587301586
-110.87301587301586
-121.87301587301586
-132.87301587301585
-143.87301587301585
-154.87301587301585
-143.87301587301585
-154.87301587301585
-165.87301587301585
-176.87301587301585
-187.87301587301585
-198.87301587301585
-209.87301587301585
-220.87301587301585
-231.87301587301585
-242.87301587301585
-253.87301587301585
-264.87301587301585
-275.87301587301585
-286.87301587301585
-297.87301587301585
-308.87301587301585
-319.87301587301585
-297.3015873015873
-308.3015873015873
-319.3015873015873
-330.3015873015873
-341.3015873015873
-352.3015873015873
-363.3015873015873
-374.3015873015873
-385.3015873015873
-396.3015873015873
-407.3015873015873
-418.3015873015873
-429.3015873015873
-440.3015873015873
-451.3015873015873
-462.3015873015873
-473.3015873015873
-484.3015873015873
-495.3015873015873
-506.3015873015873
-517.3015873015872
-528.3015873015872
-539.3015873015872
-550.3015873015872
-561.3015873015872
-572.3015873015872
-583.3015873015872
-594.3015873015872
-605.3015873015872
-616.3015873015872
-627.3015873015872
-638.3015873015872
-649.3015873015872
-660.3015873015872
-671.3015873015872
-682.3015873015872
-693.3015873015872
-657.3015873015872
-668.3015873015872
-650.3015873015872
-661.3015873015872
-672.3015873015872
-683.3015873015872
-694.3015873015872
-705.3015873015872
-716.3015873015872
-727.3015873015872
-738.3015873015872
-749.3015873015872
-760.3015873015872
-771.3015873015872
-782.3015873015872
-793.3015873015872
-804.3015873015872
-815.3015873015872
-826.3015873015872
-837.3015873015872
-823.0793650793651
-834.0793650793651
-845.0793650793651
-809.0793650793651
-820.0793650793651
-831.0793650793651
-842.0793650793651
-853.0793650793651
-864.0793650793651
-875.0793650793651
-886.0793650793651
-897.0793650793651
-908.0793650793651
-919.0793650793651
-930.0793650793651
-941.0793650793651
-952.0793650793651
-963.0793650793651
-974.0793650793651
-985.0793650793651
-996.0793650793651
-967.7460317460318
-978.7460317460318
-989.7460317460318
-1000.7460317460318
-972.4126984126985
-983.4126984126985
-994.4126984126985
-1005.4126984126985
-1016.4126984126985
-1027.4126984126985
-1038.4126984126985
-1049.4126984126985
-1060.4126984126985
-1071.4126984126985
-1082.4126984126985
-1093.4126984126985
-1104.4126984126985
-1115.4126984126985
-1126.4126984126985
-1090.4126984126985
-1101.4126984126985
-1112.4126984126985
-1123.4126984126985
-1134.4126984126985
-1145.4126984126985
-1156.4126984126985
-1167.4126984126985
-1178.4126984126985
-1189.4126984126985
-1200.4126984126985
-1211.4126984126985
-1222.4126984126985
-1233.4126984126985
-1134.4126984126985
-1145.4126984126985
-1109.4126984126985
-1120.4126984126985
-1131.4126984126985
-1142.4126984126985
-1153.4126984126985
-1164.4126984126985
-1175.4126984126985
-1186.4126984126985
-1175.4126984126985
-1076.4126984126985
-1087.4126984126985
-1098.4126984126985
-1109.4126984126985
-1120.4126984126985
-1102.4126984126985
-1113.4126984126985
-1124.4126984126985
-1135.4126984126985
-1146.4126984126985
-1081.746031746032
-1092.746031746032
-1103.746031746032
-1114.746031746032
-1125.746031746032
-1136.746031746032
-1147.746031746032
-1158.746031746032
-1147.746031746032
-1048.746031746032
-1059.746031746032
-1070.746031746032
-1081.746031746032
-1092.746031746032
-1103.746031746032
-1114.746031746032
-1125.746031746032
-1078.746031746032
-1089.746031746032
-1100.746031746032
-1111.746031746032
-1122.746031746032
-1133.746031746032
-1144.746031746032
-1155.746031746032
-1166.746031746032
-1177.746031746032
-1188.746031746032
-1199.746031746032
-1210.746031746032
-1221.746031746032
-1232.746031746032
-1243.746031746032
-1254.746031746032
-1265.746031746032
-1276.746031746032
-1287.746031746032
-1298.746031746032
-1309.746031746032
-1320.746031746032
-1302.746031746032
-1313.746031746032
-1324.746031746032
-1335.746031746032
-1346.746031746032
-1357.746031746032
-1368.746031746032
-1379.746031746032
-1390.746031746032
-1401.746031746032
-1412.746031746032
-1423.746031746032
-1434.746031746032
-1445.746031746032
-1456.746031746032
-1467.746031746032
-1478.746031746032
-1489.746031746032
-1500.746031746032
-1464.746031746032
-1475.746031746032
-1486.746031746032
-1497.746031746032
-1508.746031746032
-1519.746031746032
-1530.746031746032
-1541.746031746032
-1552.746031746032
-1563.746031746032
-1574.746031746032
-1538.746031746032
-1549.746031746032
-1560.746031746032
-1524.746031746032
-1477.746031746032
-1488.746031746032
-1499.746031746032
-1400.746031746032
-1411.746031746032
-1422.746031746032
-1433.746031746032
-1444.746031746032
-1455.746031746032
-1466.746031746032
-1419.746031746032
-1430.746031746032
-1441.746031746032
-1377.0793650793655
-1388.0793650793655
-1399.0793650793655
-1410.0793650793655
-1421.0793650793655
-1432.0793650793655
-1443.0793650793655
-1454.0793650793655
-1465.0793650793655
-1476.0793650793655
-1487.0793650793655
-1498.0793650793655
-1509.0793650793655
-1410.0793650793655
-1421.0793650793655
-1432.0793650793655
-1443.0793650793655
-1454.0793650793655
-1465.0793650793655
-1476.0793650793655
-1487.0793650793655
-1498.0793650793655
-1509.0793650793655
-1520.0793650793655
-1531.0793650793655
-1542.0793650793655
-1553.0793650793655
-1564.0793650793655
-1575.0793650793655
-1586.0793650793655
-1597.0793650793655
-1608.0793650793655
-1619.0793650793655
-1630.0793650793655
-1641.0793650793655
-1652.0793650793655
-1663.0793650793655
-1674.0793650793655
-1685.0793650793655
-1696.0793650793655
-1707.0793650793655
-1718.0793650793655
-1729.0793650793655
-1740.0793650793655
-1751.0793650793655
-1736.8571428571433
-1747.8571428571433
-1758.8571428571433
-1769.8571428571433
-1780.8571428571433
-1791.8571428571433
-1802.8571428571433
-1813.8571428571433
-1824.8571428571433
-1835.8571428571433
-1846.8571428571433
-1857.8571428571433
-1868.8571428571433
-1879.8571428571433
-1890.8571428571433
-1901.8571428571433
-1912.8571428571433
-1813.8571428571433
-1824.8571428571433
-1835.8571428571433
-1846.8571428571433
-1857.8571428571433
-1868.8571428571433
-1879.8571428571433
-1890.8571428571433
-1901.8571428571433
-1912.8571428571433
-1923.8571428571433
-1934.8571428571433
-1945.8571428571433
-1956.8571428571433
-1967.8571428571433
-1978.8571428571433
-1989.8571428571433
-2000.8571428571433
-2011.8571428571433
-2022.8571428571433
-2033.8571428571433
-2044.8571428571433
-2055.857142857143
-2066.857142857143
-2077.857142857143
-2088.857142857143
-2099.857142857143
-2110.857142857143
-2121.857142857143
-2132.857142857143
-2143.857142857143
-2154.857142857143
-2165.857142857143
-2176.857142857143
-2187.857142857143
-2198.857142857143
-2209.857142857143
-2220.857142857143
-2231.857142857143
-2242.857142857143
-2253.857142857143
-2264.857142857143
-2275.857142857143
-2286.857142857143
-2297.857142857143
-2269.52380952381
-2280.52380952381
-2291.52380952381
-2302.52380952381
-2313.52380952381
-2324.52380952381
-2335.52380952381
-2346.52380952381
-2357.52380952381
-2368.52380952381
-2379.52380952381
-2390.52380952381
-2401.52380952381
-2412.52380952381
-2423.52380952381
-2434.52380952381
-2445.52380952381
-2456.52380952381
-2467.52380952381
-2478.52380952381
-2489.52380952381
-2500.52380952381
-2511.52380952381
-2522.52380952381
-2533.52380952381
-2544.52380952381
-2555.52380952381
-2566.52380952381
-2577.52380952381
-2588.52380952381
-2599.52380952381
-2610.52380952381
-2621.52380952381
-2632.52380952381
-2643.52380952381
-2654.52380952381
-2665.52380952381
-2676.52380952381
-2687.52380952381
-2698.52380952381
-2709.52380952381
-2720.52380952381
-2731.52380952381
-2742.52380952381
-2753.52380952381
-2764.52380952381
-2775.52380952381
-2752.9523809523816
-2763.9523809523816
-2774.9523809523816
-2785.9523809523816
-2796.9523809523816
-2807.9523809523816
-2818.9523809523816
-2829.9523809523816
-2840.9523809523816
-2741.9523809523816
-2752.9523809523816
-2763.9523809523816
-2774.9523809523816
-2785.9523809523816
-2686.9523809523816
-2697.9523809523816
-2708.9523809523816
-2719.9523809523816
-2730.9523809523816
-2741.9523809523816
-2752.9523809523816
-2716.9523809523816
-2727.9523809523816
-2738.9523809523816
-2749.9523809523816
-2760.9523809523816
-2771.9523809523816
-2782.9523809523816
-2793.9523809523816
-2729.2857142857147
-2682.2857142857147
-2693.2857142857147
-2704.2857142857147
-2690.063492063492
-2701.063492063492
-2712.063492063492
-2723.063492063492
-2734.063492063492
-2745.063492063492
-2756.063492063492
-2767.063492063492
-2778.063492063492
-2789.063492063492
-2778.063492063492
-2789.063492063492
-2800.063492063492
-2811.063492063492
-2822.063492063492
-2833.063492063492
-2844.063492063492
-2855.063492063492
-2866.063492063492
-2877.063492063492
-2888.063492063492
-2899.063492063492
-2910.063492063492
-2887.4920634920636
-2898.4920634920636
-2909.4920634920636
-2920.4920634920636
-2931.4920634920636
-2866.8253968253966
-2838.4920634920636
-2849.4920634920636
-2860.4920634920636
-2871.4920634920636
-2882.4920634920636
-2893.4920634920636
-2904.4920634920636
-2805.4920634920636
-2816.4920634920636
-2827.4920634920636
-2838.4920634920636
-2849.4920634920636
-2860.4920634920636
-2871.4920634920636
-2882.4920634920636
-2835.4920634920636
-2846.4920634920636
-2857.4920634920636
-2868.4920634920636
-2879.4920634920636
-2890.4920634920636
-2901.4920634920636
-2912.4920634920636
-2923.4920634920636
-2858.8253968253966
-2869.8253968253966
-2880.8253968253966
-2891.8253968253966
-2902.8253968253966
-2913.8253968253966
-2924.8253968253966
-2935.8253968253966
-2946.8253968253966
-2957.8253968253966
-2968.8253968253966
-2979.8253968253966
-2990.8253968253966
-2891.8253968253966
-2902.8253968253966
-2913.8253968253966
-2924.8253968253966
-2906.8253968253966
-2917.8253968253966
-2928.8253968253966
-2829.8253968253966
-2840.8253968253966
-2851.8253968253966
-2862.8253968253966
-2873.8253968253966
-2884.8253968253966
-2895.8253968253966
-2906.8253968253966
-2917.8253968253966
-2928.8253968253966
-2881.8253968253966
-2892.8253968253966
-2903.8253968253966
-2914.8253968253966
-2925.8253968253966
-2936.8253968253966
-2947.8253968253966
-2958.8253968253966
-2969.8253968253966
-2980.8253968253966
-2991.8253968253966
-3002.8253968253966
-3013.8253968253966
-3024.8253968253966
-3035.8253968253966
-3046.8253968253966
-3057.8253968253966
-3068.8253968253966
-3079.8253968253966
-3090.8253968253966
-3101.8253968253966
-3112.8253968253966
-3123.8253968253966
-3134.8253968253966
-3145.8253968253966
-3156.8253968253966
-3167.8253968253966
-3178.8253968253966
-3189.8253968253966
-3200.8253968253966
-3211.8253968253966
-3222.8253968253966
-3233.8253968253966
-3244.8253968253966
-3255.8253968253966
-3266.8253968253966
-3277.8253968253966
-3288.8253968253966
-3299.8253968253966
-3310.8253968253966
-3321.8253968253966
-3332.8253968253966
-3343.8253968253966
-3354.8253968253966
-3365.8253968253966
-3376.8253968253966
-3387.8253968253966
-3365.253968253968
-3376.253968253968
-3387.253968253968
-3398.253968253968
-3409.253968253968
-3420.253968253968
-3431.253968253968
-3442.253968253968
-3453.253968253968
-3464.253968253968
-3475.253968253968
-3428.253968253968
-3439.253968253968
-3428.253968253968
-3439.253968253968
-3450.253968253968
-3461.253968253968
-3438.6825396825398
-3449.6825396825398
-3460.6825396825398
-3471.6825396825398
-3482.6825396825398
-3383.6825396825398
-3394.6825396825398
-3405.6825396825398
-3416.6825396825398
-3427.6825396825398
-3438.6825396825398
-3449.6825396825398
-3460.6825396825398
-3471.6825396825398
-3443.3492063492067
-3378.6825396825398
-3389.6825396825398
-3400.6825396825398
-3411.6825396825398
-3422.6825396825398
-3433.6825396825398
-3444.6825396825398
-3455.6825396825398
-3466.6825396825398
-3477.6825396825398
-3488.6825396825398
-3499.6825396825398
-3510.6825396825398
-3521.6825396825398
-3503.6825396825398
-3514.6825396825398
-3525.6825396825398
-3536.6825396825398
-3547.6825396825398
-3558.6825396825398
-3569.6825396825398
-3580.6825396825398
-3591.6825396825398
-3602.6825396825398
-3613.6825396825398
-3624.6825396825398
-3635.6825396825398
-3646.6825396825398
-3657.6825396825398
-3668.6825396825398
-3679.6825396825398
-3690.6825396825398
-3701.6825396825398
-3712.6825396825398
-3723.6825396825398
-3734.6825396825398
-3745.6825396825398
-3756.6825396825398
-3767.6825396825398
-3778.6825396825398
-3789.6825396825398
-3800.6825396825398
-3811.6825396825398
-3822.6825396825398
-3833.6825396825398
-3844.6825396825398
-3855.6825396825398
-3866.6825396825398
-3877.6825396825398
-3888.6825396825398
-3824.015873015873
-3835.015873015873
-3846.015873015873
-3857.015873015873
-3868.015873015873
-3879.015873015873
-3890.015873015873
-3901.015873015873
-3912.015873015873
-3923.015873015873
-3934.015873015873
-3945.015873015873
-3956.015873015873
-3967.015873015873
-3978.015873015873
-3989.015873015873
-4000.015873015873
-4011.015873015873
-4022.015873015873
-4033.015873015873
-4044.015873015873
-4055.015873015873
-4037.015873015873
-4048.015873015873
-4059.015873015873
-4070.015873015873
-4081.015873015873
-4092.015873015873
-3993.015873015873
-3975.015873015873
-3986.015873015873
-3921.349206349206
-3822.349206349206
-3833.349206349206
-3844.349206349206
-3855.349206349206
