-11
-22
-33
-44
-55
44.0
33.0
22.0
11.0
0.0
-11.0
-22.0
-33.0
-44.0
-15.66666666666666
-26.66666666666666
-37.66666666666666
-48.66666666666666
-59.66666666666666
-70.66666666666666
-52.66666666666666
-63.66666666666666
-74.66666666666666
-85.66666666666666
-96.66666666666666
-107.66666666666666
-118.66666666666666
-129.66666666666666
-140.66666666666666
-151.66666666666666
-162.66666666666666
-148.44444444444443
-159.44444444444443
-170.44444444444443
-181.44444444444443
-192.44444444444443
-203.44444444444443
-214.44444444444443
-225.44444444444443
-236.44444444444443
-247.44444444444443
-258.44444444444446
-269.44444444444446
-280.44444444444446
-291.44444444444446
-302.44444444444446
-203.44444444444446
-192.44444444444446
-203.44444444444446
-167.44444444444446
-178.44444444444446
-150.11111111111114
-161.11111111111114
-172.11111111111114
-183.11111111111114
-194.11111111111114
-205.11111111111114
-216.11111111111114
-227.11111111111114
-238.11111111111114
-249.11111111111114
-226.5396825396826
-237.5396825396826
-248.5396825396826
-259.5396825396826
-241.5396825396826
-252.5396825396826
-263.5396825396826
-274.5396825396826
-285.5396825396826
-296.5396825396826
-307.5396825396826
-318.5396825396826
-329.5396825396826
-340.5396825396826
-351.5396825396826
-315.5396825396826
-326.5396825396826
-337.5396825396826
-348.5396825396826
-359.5396825396826
-370.5396825396826
-381.5396825396826
-392.5396825396826
-293.5396825396826
-304.5396825396826
-315.5396825396826
-216.5396825396826
-227.5396825396826
-213.31746031746036
-224.31746031746036
-159.65079365079367
-131.31746031746036
-142.31746031746036
-43.31746031746036
-54.31746031746036
-65.31746031746036
-76.31746031746036
-87.31746031746036
-98.31746031746036
-109.31746031746036
-120.31746031746036
-131.31746031746036
-108.74603174603178
-119.74603174603178
-130.74603174603178
-141.74603174603178
-152.74603174603178
-163.74603174603178
-174.74603174603178
-185.74603174603178
-196.74603174603178
-207.74603174603178
-218.74603174603178
-229.74603174603178
-240.74603174603178
-251.74603174603178
-262.7460317460318
-273.7460317460318
-284.7460317460318
-295.7460317460318
-306.7460317460318
-317.7460317460318
-328.7460317460318
-339.7460317460318
-350.7460317460318
-303.7460317460318
-275.41269841269843
-286.41269841269843
-297.41269841269843
-308.41269841269843
-319.41269841269843
-330.41269841269843
-341.41269841269843
-352.41269841269843
-363.41269841269843
-374.41269841269843
-385.41269841269843
-396.41269841269843
-407.41269841269843
-384.8412698412699
-395.8412698412699
-406.8412698412699
-392.6190476190477
-381.6190476190477
-363.6190476190477
-374.6190476190477
-385.6190476190477
-396.6190476190477
-407.6190476190477
-418.6190476190477
-382.6190476190477
-393.6190476190477
-404.6190476190477
-415.6190476190477
-426.6190476190477
-437.6190476190477
-448.6190476190477
-459.6190476190477
-470.6190476190477
-481.6190476190477
-492.6190476190477
-503.6190476190477
-514.6190476190477
-525.6190476190477
-536.6190476190477
-547.6190476190477
-558.6190476190477
-569.6190476190477
-580.6190476190477
-591.6190476190477
-602.6190476190477
-613.6190476190477
-624.6190476190477
-635.6190476190477
-646.6190476190477
-657.6190476190477
-668.6190476190477
-679.6190476190477
-690.6190476190477
-701.6190476190477
-673.2857142857144
-684.2857142857144
-695.2857142857144
-706.2857142857144
-717.2857142857144
-728.2857142857144
-739.2857142857144
-750.2857142857144
-761.2857142857144
-772.2857142857144
-783.2857142857144
-754.9523809523812
-765.9523809523812
-776.9523809523812
-787.9523809523812
-798.9523809523812
-809.9523809523812
-820.9523809523812
-831.9523809523812
-842.9523809523812
-853.9523809523812
-864.9523809523812
-875.9523809523812
-886.9523809523812
-897.9523809523812
-908.9523809523812
-919.9523809523812
-930.9523809523812
-941.9523809523812
-913.6190476190479
-885.2857142857147
-896.2857142857147
-907.2857142857147
-918.2857142857147
-882.2857142857147
-893.2857142857147
-904.2857142857147
-915.2857142857147
-926.2857142857147
-937.2857142857147
-948.2857142857147
-959.2857142857147
-970.2857142857147
-981.2857142857147
-992.2857142857147
-1003.2857142857147
-1014.2857142857147
-1025.2857142857147
-1014.2857142857147
-1025.2857142857147
-1036.2857142857147
-1047.2857142857147
-1058.2857142857147
-1069.2857142857147
-1051.2857142857147
-1062.2857142857147
-1073.2857142857147
-1084.2857142857147
-1095.2857142857147
-1106.2857142857147
-1117.2857142857147
-1094.7142857142862
-1105.7142857142862
-1116.7142857142862
-1127.7142857142862
-1138.7142857142862
-1149.7142857142862
-1160.7142857142862
-1171.7142857142862
-1182.7142857142862
-1193.7142857142862
-1204.7142857142862
-1215.7142857142862
-1168.7142857142862
-1179.7142857142862
-1165.492063492064
-1176.492063492064
-1187.492063492064
-1198.492063492064
-1209.492063492064
-1220.492063492064
-1192.1587301587306
-1203.1587301587306
-1214.1587301587306
-1225.1587301587306
-1236.1587301587306
-1247.1587301587306
-1258.1587301587306
-1269.1587301587306
-1280.1587301587306
-1291.1587301587306
-1302.1587301587306
-1313.1587301587306
-1324.1587301587306
-1335.1587301587306
-1346.1587301587306
-1357.1587301587306
-1368.1587301587306
-1379.1587301587306
-1368.1587301587306
-1379.1587301587306
-1390.1587301587306
-1401.1587301587306
-1412.1587301587306
-1423.1587301587306
-1434.1587301587306
-1445.1587301587306
-1456.1587301587306
-1467.1587301587306
-1478.1587301587306
-1489.1587301587306
-1500.1587301587306
-1511.1587301587306
-1522.1587301587306
-1533.1587301587306
-1504.825396825397
-1515.825396825397
-1526.825396825397
-1537.825396825397
-1548.825396825397
-1559.825396825397
-1570.825396825397
-1581.825396825397
-1592.825396825397
-1603.825396825397
-1614.825396825397
-1625.825396825397
-1636.825396825397
-1618.825396825397
-1629.825396825397
-1640.825396825397
-1651.825396825397
-1662.825396825397
-1673.825396825397
-1684.825396825397
-1695.825396825397
-1706.825396825397
-1717.825396825397
-1728.825396825397
-1739.825396825397
-1750.825396825397
-1761.825396825397
-1772.825396825397
-1783.825396825397
-1794.825396825397
-1805.825396825397
-1816.825396825397
-1827.825396825397
-1838.825396825397
-1849.825396825397
-1860.825396825397
-1871.825396825397
-1882.825396825397
-1893.825396825397
-1904.825396825397
-1915.825396825397
-1926.825396825397
-1937.825396825397
-1948.825396825397
-1959.825396825397
-1970.825396825397
-1981.825396825397
-1992.825396825397
-2003.825396825397
-2014.825396825397
-2025.825396825397
-2036.825396825397
-2047.825396825397
-2058.825396825397
-2069.825396825397
-2080.825396825397
-2091.825396825397
-2102.825396825397
-2113.825396825397
-2124.825396825397
-2135.825396825397
-2121.6031746031745
-2132.6031746031745
-2143.6031746031745
-2154.6031746031745
-2165.6031746031745
-2176.6031746031745
-2165.6031746031745
-2176.6031746031745
-2187.6031746031745
-2198.6031746031745
-2209.6031746031745
-2220.6031746031745
-2231.6031746031745
-2242.6031746031745
-2253.6031746031745
-2264.6031746031745
-2275.6031746031745
-2286.6031746031745
-2297.6031746031745
-2308.6031746031745
-2319.6031746031745
-2330.6031746031745
-2341.6031746031745
-2352.6031746031745
-2363.6031746031745
-2374.6031746031745
-2385.6031746031745
-2396.6031746031745
-2407.6031746031745
-2418.6031746031745
-2429.6031746031745
-2440.6031746031745
-2451.6031746031745
-2462.6031746031745
-2473.6031746031745
-2484.6031746031745
-2495.6031746031745
-2506.6031746031745
-2517.6031746031745
-2528.6031746031745
-2539.6031746031745
-2550.6031746031745
-2561.6031746031745
-2572.6031746031745
-2583.6031746031745
-2594.6031746031745
-2605.6031746031745
-2616.6031746031745
-2627.6031746031745
-2599.2698412698414
-2610.2698412698414
-2621.2698412698414
-2632.2698412698414
-2643.2698412698414
-2654.2698412698414
-2665.2698412698414
-2676.2698412698414
-2687.2698412698414
-2698.2698412698414
-2709.2698412698414
-2720.2698412698414
-2731.2698412698414
-2742.2698412698414
-2753.2698412698414
-2764.2698412698414
-2775.2698412698414
-2786.2698412698414
-2797.2698412698414
-2808.2698412698414
-2819.2698412698414
-2790.9365079365084
-2776.714285714286
-2787.714285714286
-2798.714285714286
-2809.714285714286
-2820.714285714286
-2831.714285714286
-2842.714285714286
-2853.714285714286
-2864.714285714286
-2875.714285714286
-2886.714285714286
-2897.714285714286
-2908.714285714286
-2919.714285714286
-2930.714285714286
-2941.714285714286
-2952.714285714286
-2963.714285714286
-2974.714285714286
-2952.1428571428573
-2963.1428571428573
-2974.1428571428573
-2985.1428571428573
-2996.1428571428573
-3007.1428571428573
-3018.1428571428573
-3029.1428571428573
-3040.1428571428573
-3017.571428571429
-3028.571428571429
-3039.571428571429
-3050.571428571429
-3061.571428571429
-3039.0000000000005
-3050.0000000000005
-3061.0000000000005
-3072.0000000000005
-3007.3333333333335
-3018.3333333333335
-3029.3333333333335
-3040.3333333333335
-3051.3333333333335
-3062.3333333333335
-3073.3333333333335
-2974.3333333333335
-2985.3333333333335
-2996.3333333333335
-3007.3333333333335
-3018.3333333333335
-3029.3333333333335
-3040.3333333333335
-3026.111111111111
-3037.111111111111
-3048.111111111111
-3059.111111111111
-3070.111111111111
-3055.8888888888882
-3033.31746031746
-3044.31746031746
-3055.31746031746
-3066.31746031746
-3077.31746031746
-3088.31746031746
-3099.31746031746
-3110.31746031746
-3121.31746031746
-3132.31746031746
-3103.9841269841268
-3114.9841269841268
-3125.9841269841268
-3136.9841269841268
-3147.9841269841268
-3158.9841269841268
-3169.9841269841268
-3180.9841269841268
-3162.9841269841268
-3173.9841269841268
-3184.9841269841268
-3195.9841269841268
-3206.9841269841268
-3217.9841269841268
-3228.9841269841268
-3239.9841269841268
-3250.9841269841268
-3261.9841269841268
-3272.9841269841268
-3283.9841269841268
-3294.9841269841268
-3305.9841269841268
-3316.9841269841268
-3327.9841269841268
-3338.9841269841268
-3349.9841269841268
-3360.9841269841268
-3261.9841269841268
-3272.9841269841268
-3283.9841269841268
-3272.9841269841268
-3283.9841269841268
-3294.9841269841268
-3305.9841269841268
-3316.9841269841268
-3327.9841269841268
-3338.9841269841268
-3349.9841269841268
-3360.9841269841268
-3371.9841269841268
-3382.9841269841268
-3393.9841269841268
-3404.9841269841268
-3415.9841269841268
-3426.9841269841268
-3437.9841269841268
-3448.9841269841268
-3459.9841269841268
-3470.9841269841268
-3481.9841269841268
-3492.9841269841268
-3503.9841269841268
-3514.9841269841268
-3525.9841269841268
-3536.9841269841268
-3547.9841269841268
-3558.9841269841268
-3569.9841269841268
-3580.9841269841268
-3591.9841269841268
-3602.9841269841268
-3503.9841269841268
-3514.9841269841268
-3525.9841269841268
-3536.9841269841268
-3547.9841269841268
-3448.9841269841268
-3459.9841269841268
-3470.9841269841268
-3481.9841269841268
-3492.9841269841268
-3503.9841269841268
-3514.9841269841268
-3525.9841269841268
-3536.9841269841268
-3547.9841269841268
-3558.9841269841268
-3569.9841269841268
-3580.9841269841268
-3591.9841269841268
-3602.9841269841268
-3613.9841269841268
-3624.9841269841268
-3635.9841269841268
-3646.9841269841268
-3657.9841269841268
-3668.9841269841268
-3679.9841269841268
-3690.9841269841268
-3701.9841269841268
-3712.9841269841268
-3613.9841269841268
-3624.9841269841268
-3635.9841269841268
-3607.6507936507937
-3618.6507936507937
-3629.6507936507937
-3607.0793650793653
-3571.0793650793653
-3582.0793650793653
-3593.0793650793653
-3604.0793650793653
-3615.0793650793653
-3626.0793650793653
-3527.0793650793653
-3538.0793650793653
-3473.4126984126983
-3484.4126984126983
-3495.4126984126983
-3467.0793650793653
-3478.0793650793653
-3489.0793650793653
-3500.0793650793653
-3511.0793650793653
-3522.0793650793653
-3533.0793650793653
-3544.0793650793653
-3555.0793650793653
-3566.0793650793653
-3467.0793650793653
-3438.7460317460323
-3449.7460317460323
-3460.7460317460323
-3471.7460317460323
-3482.7460317460323
-3493.7460317460323
-3504.7460317460323
-3515.7460317460323
-3526.7460317460323
-3537.7460317460323
-3548.7460317460323
-3559.7460317460323
-3548.7460317460323
-3534.5238095238096
-3545.5238095238096
-3556.5238095238096
-3567.5238095238096
-3468.5238095238096
-3479.5238095238096
-3490.5238095238096
-3501.5238095238096
-3512.5238095238096
-3523.5238095238096
-3534.5238095238096
-3545.5238095238096
-3556.5238095238096
-3567.5238095238096
-3578.5238095238096
-3589.5238095238096
-3600.5238095238096
-3553.5238095238096
-3564.5238095238096
-3575.5238095238096
-3586.5238095238096
-3597.5238095238096
-3608.5238095238096
-3619.5238095238096
-3630.5238095238096
-3641.5238095238096
-3652.5238095238096
-3663.5238095238096
-3674.5238095238096
-3627.5238095238096
-3638.5238095238096
-3620.5238095238096
-3631.5238095238096
-3642.5238095238096
-3653.5238095238096
-3664.5238095238096
-3675.5238095238096
-3686.5238095238096
-3697.5238095238096
-3708.5238095238096
-3719.5238095238096
-3730.5238095238096
-3665.8571428571427
-3676.8571428571427
-3687.8571428571427
-3623.1904761904757
-3634.1904761904757
-3645.1904761904757
-3656.1904761904757
-3667.1904761904757
-3678.1904761904757
-3689.1904761904757
-3700.1904761904757
-3711.1904761904757
-3722.1904761904757
-3733.1904761904757
-3744.1904761904757
-3755.1904761904757
-3766.1904761904757
-3777.1904761904757
-3788.1904761904757
-3799.1904761904757
-3810.1904761904757
-3821.1904761904757
-3832.1904761904757
