-11
-22
42.66666666666667
31.66666666666667
20.66666666666667
9.666666666666671
-1.3333333333333286
-12.333333333333329
-23.33333333333333
-34.33333333333333
-45.33333333333333
-56.33333333333333
-67.33333333333333
-78.33333333333333
-89.33333333333333
-100.33333333333333
-111.33333333333333
-122.33333333333333
-133.33333333333331
-144.33333333333331
-155.33333333333331
-119.33333333333331
-83.33333333333331
-94.33333333333331
-105.33333333333331
-116.33333333333331
-127.33333333333331
-138.33333333333331
-149.33333333333331
-160.33333333333331
-171.33333333333331
-182.33333333333331
-193.33333333333331
-204.33333333333331
-215.33333333333331
-226.33333333333331
-190.33333333333331
-201.33333333333331
-154.33333333333331
-165.33333333333331
-176.33333333333331
-187.33333333333331
-198.33333333333331
-209.33333333333331
-220.33333333333331
-231.33333333333331
-242.33333333333331
-253.33333333333331
-264.3333333333333
-275.3333333333333
-286.3333333333333
-272.11111111111114
-283.11111111111114
-294.11111111111114
-305.11111111111114
-258.11111111111114
-269.11111111111114
-280.11111111111114
-269.11111111111114
-280.11111111111114
-233.11111111111114
-244.11111111111114
-197.11111111111114
-208.11111111111114
-219.11111111111114
-230.11111111111114
-241.11111111111114
-252.11111111111114
-263.11111111111114
-274.11111111111114
-285.11111111111114
-296.11111111111114
-307.11111111111114
-318.11111111111114
-329.11111111111114
-340.11111111111114
-311.77777777777777
-322.77777777777777
-333.77777777777777
-344.77777777777777
-355.77777777777777
-366.77777777777777
-302.11111111111114
-313.11111111111114
-324.11111111111114
-335.11111111111114
-346.11111111111114
-357.11111111111114
-368.11111111111114
-379.11111111111114
-390.11111111111114
-401.11111111111114
-412.11111111111114
-423.11111111111114
-434.11111111111114
-445.11111111111114
-456.11111111111114
-467.11111111111114
-431.11111111111114
-442.11111111111114
-453.11111111111114
-464.11111111111114
-475.11111111111114
-439.11111111111114
-450.11111111111114
-461.11111111111114
-472.11111111111114
-483.11111111111114
-494.11111111111114
-505.11111111111114
-516.1111111111111
-527.1111111111111
-504.5396825396825
-515.5396825396824
-526.5396825396824
-537.5396825396824
-548.5396825396824
-559.5396825396824
-570.5396825396824
-581.5396825396824
-482.5396825396824
-493.5396825396824
-504.5396825396824
-515.5396825396824
-501.31746031746025
-512.3174603174602
-523.3174603174602
-534.3174603174602
-545.3174603174602
-556.3174603174602
-567.3174603174602
-578.3174603174602
-589.3174603174602
-600.3174603174602
-582.3174603174602
-593.3174603174602
-604.3174603174602
-593.3174603174602
-604.3174603174602
-505.31746031746025
-516.3174603174602
-527.3174603174602
-538.3174603174602
-549.3174603174602
-560.3174603174602
-571.3174603174602
-582.3174603174602
-593.3174603174602
-528.6507936507935
-539.6507936507935
-550.6507936507935
-561.6507936507935
-572.6507936507935
-583.6507936507935
-594.6507936507935
-605.6507936507935
-616.6507936507935
-627.6507936507935
-638.6507936507935
-649.6507936507935
-660.6507936507935
-671.6507936507935
-682.6507936507935
-693.6507936507935
-704.6507936507935
-715.6507936507935
-726.6507936507935
-737.6507936507935
-748.6507936507935
-759.6507936507935
-770.6507936507935
-781.6507936507935
-792.6507936507935
-803.6507936507935
-814.6507936507935
-825.6507936507935
-836.6507936507935
-847.6507936507935
-858.6507936507935
-869.6507936507935
-847.0793650793648
-858.0793650793648
-869.0793650793648
-880.0793650793648
-891.0793650793648
-902.0793650793648
-913.0793650793648
-924.0793650793648
-935.0793650793648
-946.0793650793648
-957.0793650793648
-968.0793650793648
-979.0793650793648
-990.0793650793648
-1001.0793650793648
-1012.0793650793648
-913.0793650793648
-924.0793650793648
-935.0793650793648
-946.0793650793648
-931.8571428571427
-942.8571428571427
-953.8571428571427
-964.8571428571427
-975.8571428571427
-986.8571428571427
-997.8571428571427
-1008.8571428571427
-1019.8571428571427
-1030.8571428571427
-1041.8571428571427
-1052.8571428571427
-1063.8571428571427
-1074.8571428571427
-1085.8571428571427
-986.8571428571427
-997.8571428571427
-950.8571428571427
-961.8571428571427
-972.8571428571427
-983.8571428571427
-994.8571428571427
-895.8571428571427
-906.8571428571427
-842.1904761904759
-853.1904761904759
-864.1904761904759
-875.1904761904759
-886.1904761904759
-868.1904761904759
-850.1904761904759
-861.1904761904759
-850.1904761904759
-861.1904761904759
-872.1904761904759
-883.1904761904759
-894.1904761904759
-905.1904761904759
-916.1904761904759
-927.1904761904759
-938.1904761904759
-915.6190476190473
-926.6190476190473
-937.6190476190473
-948.6190476190473
-959.6190476190473
-970.6190476190473
-981.6190476190473
-992.6190476190473
-1003.6190476190473
-1014.6190476190473
-1025.6190476190473
-1036.6190476190473
-1047.6190476190473
-1058.6190476190473
-1069.6190476190473
-1080.6190476190473
-1091.6190476190473
-1102.6190476190473
-1113.6190476190473
-1124.6190476190473
-1135.6190476190473
-1146.6190476190473
-1157.6190476190473
-1168.6190476190473
-1179.6190476190473
-1190.6190476190473
-1201.6190476190473
-1212.6190476190473
-1223.6190476190473
-1234.6190476190473
-1245.6190476190473
-1256.6190476190473
-1157.6190476190473
-1168.6190476190473
-1179.6190476190473
-1190.6190476190473
-1201.6190476190473
-1212.6190476190473
-1223.6190476190473
-1234.6190476190473
-1245.6190476190473
-1256.6190476190473
-1267.6190476190473
-1278.6190476190473
-1289.6190476190473
-1300.6190476190473
-1311.6190476190473
-1322.6190476190473
-1333.6190476190473
-1297.6190476190473
-1308.6190476190473
-1319.6190476190473
-1330.6190476190473
-1341.6190476190473
-1352.6190476190473
-1363.6190476190473
-1374.6190476190473
-1385.6190476190473
-1396.6190476190473
-1407.6190476190473
-1418.6190476190473
-1382.6190476190473
-1393.6190476190473
-1404.6190476190473
-1415.6190476190473
-1426.6190476190473
-1437.6190476190473
-1448.6190476190473
-1459.6190476190473
-1470.6190476190473
-1481.6190476190473
-1492.6190476190473
-1474.6190476190473
-1485.6190476190473
-1496.6190476190473
-1397.6190476190473
-1408.6190476190473
-1419.6190476190473
-1408.6190476190473
-1419.6190476190473
-1430.6190476190473
-1441.6190476190473
-1452.6190476190473
-1463.6190476190473
-1474.6190476190473
-1485.6190476190473
-1496.6190476190473
-1507.6190476190473
-1518.6190476190473
-1529.6190476190473
-1540.6190476190473
-1551.6190476190473
-1562.6190476190473
-1540.0476190476188
-1551.0476190476188
-1562.0476190476188
-1573.0476190476188
-1584.0476190476188
-1595.0476190476188
-1606.0476190476188
-1617.0476190476188
-1606.0476190476188
-1617.0476190476188
-1628.0476190476188
-1563.3809523809523
-1574.3809523809523
-1585.3809523809523
-1557.0476190476188
-1568.0476190476188
-1579.0476190476188
-1590.0476190476188
-1601.0476190476188
-1612.0476190476188
-1623.0476190476188
-1594.7142857142853
-1605.7142857142853
-1616.7142857142853
-1605.7142857142853
-1616.7142857142853
-1569.7142857142853
-1505.0476190476188
-1516.0476190476188
-1527.0476190476188
-1538.0476190476188
-1549.0476190476188
-1560.0476190476188
-1537.4761904761904
-1548.4761904761904
-1449.4761904761904
-1460.4761904761904
-1471.4761904761904
-1482.4761904761904
-1493.4761904761904
-1504.4761904761904
-1515.4761904761904
-1526.4761904761904
-1537.4761904761904
-1548.4761904761904
-1559.4761904761904
-1570.4761904761904
-1581.4761904761904
-1592.4761904761904
-1603.4761904761904
-1614.4761904761904
-1625.4761904761904
-1636.4761904761904
-1647.4761904761904
-1600.4761904761904
-1611.4761904761904
-1622.4761904761904
-1633.4761904761904
-1597.4761904761904
-1608.4761904761904
-1619.4761904761904
-1630.4761904761904
-1641.4761904761904
-1652.4761904761904
-1663.4761904761904
-1674.4761904761904
-1627.4761904761904
-1638.4761904761904
-1649.4761904761904
-1660.4761904761904
-1671.4761904761904
-1682.4761904761904
-1693.4761904761904
-1594.4761904761904
-1605.4761904761904
-1616.4761904761904
-1627.4761904761904
-1638.4761904761904
-1649.4761904761904
-1660.4761904761904
-1671.4761904761904
-1682.4761904761904
-1693.4761904761904
-1704.4761904761904
-1715.4761904761904
-1726.4761904761904
-1737.4761904761904
-1748.4761904761904
-1759.4761904761904
-1770.4761904761904
-1752.4761904761904
-1763.4761904761904
-1774.4761904761904
-1785.4761904761904
-1796.4761904761904
-1807.4761904761904
-1818.4761904761904
-1829.4761904761904
-1840.4761904761904
-1851.4761904761904
-1862.4761904761904
-1873.4761904761904
-1884.4761904761904
-1895.4761904761904
-1906.4761904761904
-1917.4761904761904
-1928.4761904761904
-1939.4761904761904
-1950.4761904761904
-1961.4761904761904
-1972.4761904761904
-1983.4761904761904
-1994.4761904761904
-2005.4761904761904
-1982.904761904762
-1993.904761904762
-2004.904761904762
-2015.904761904762
-2026.904761904762
-2004.3333333333335
-2015.3333333333335
-2026.3333333333335
-2037.3333333333335
-2048.3333333333335
-2059.3333333333335
-2070.3333333333335
-2081.3333333333335
-2092.3333333333335
-2103.3333333333335
-2114.3333333333335
-2125.3333333333335
-2136.3333333333335
-2147.3333333333335
-2136.3333333333335
-2147.3333333333335
-2158.3333333333335
-2169.3333333333335
-2180.3333333333335
-2191.3333333333335
-2202.3333333333335
-2213.3333333333335
-2224.3333333333335
-2235.3333333333335
-2246.3333333333335
-2257.3333333333335
-2268.3333333333335
-2279.3333333333335
-2290.3333333333335
-2301.3333333333335
-2312.3333333333335
-2323.3333333333335
-2334.3333333333335
-2345.3333333333335
-2246.3333333333335
-2257.3333333333335
-2268.3333333333335
-2221.3333333333335
-2122.3333333333335
-2133.3333333333335
-2144.3333333333335
-2155.3333333333335
-2166.3333333333335
-2177.3333333333335
-2188.3333333333335
-2199.3333333333335
-2181.3333333333335
-2192.3333333333335
-2203.3333333333335
-2214.3333333333335
-2225.3333333333335
-2214.3333333333335
-2225.3333333333335
-2236.3333333333335
-2247.3333333333335
-2258.3333333333335
-2269.3333333333335
-2280.3333333333335
-2291.3333333333335
-2302.3333333333335
-2313.3333333333335
-2295.3333333333335
-2306.3333333333335
-2317.3333333333335
-2328.3333333333335
-2339.3333333333335
-2303.3333333333335
-2204.3333333333335
-2215.3333333333335
-2226.3333333333335
-2237.3333333333335
-2248.3333333333335
-2259.3333333333335
-2270.3333333333335
-2281.3333333333335
-2292.3333333333335
-2303.3333333333335
-2314.3333333333335
-2325.3333333333335
-2336.3333333333335
-2347.3333333333335
-2358.3333333333335
-2369.3333333333335
-2380.3333333333335
-2391.3333333333335
-2402.3333333333335
-2413.3333333333335
-2424.3333333333335
-2435.3333333333335
-2446.3333333333335
-2457.3333333333335
-2468.3333333333335
-2457.3333333333335
-2468.3333333333335
-2403.6666666666665
-2414.6666666666665
-2425.6666666666665
-2407.6666666666665
-2418.6666666666665
-2429.6666666666665
-2440.6666666666665
-2418.095238095238
-2429.095238095238
-2440.095238095238
-2451.095238095238
-2462.095238095238
-2473.095238095238
-2484.095238095238
-2495.095238095238
-2396.095238095238
-2407.095238095238
-2418.095238095238
-2429.095238095238
-2440.095238095238
-2451.095238095238
-2462.095238095238
-2473.095238095238
-2484.095238095238
-2495.095238095238
-2506.095238095238
-2517.095238095238
-2528.095238095238
-2539.095238095238
-2550.095238095238
-2561.095238095238
-2572.095238095238
-2583.095238095238
-2594.095238095238
-2605.095238095238
-2569.095238095238
-2580.095238095238
-2591.095238095238
-2602.095238095238
-2613.095238095238
-2514.095238095238
-2525.095238095238
-2536.095238095238
-2437.095238095238
-2448.095238095238
-2459.095238095238
-2470.095238095238
-2481.095238095238
-2434.095238095238
-2445.095238095238
-2456.095238095238
-2467.095238095238
-2478.095238095238
-2489.095238095238
-2500.095238095238
-2485.8730158730154
-2496.8730158730154
-2432.2063492063485
-2443.2063492063485
-2454.2063492063485
-2465.2063492063485
-2476.2063492063485
-2487.2063492063485
-2498.2063492063485
-2509.2063492063485
-2520.2063492063485
-2531.2063492063485
-2432.2063492063485
-2443.2063492063485
-2454.2063492063485
-2465.2063492063485
-2476.2063492063485
-2487.2063492063485
-2458.8730158730154
-2469.8730158730154
-2480.8730158730154
-2491.8730158730154
-2502.8730158730154
-2513.8730158730154
-2524.8730158730154
-2488.8730158730154
-2499.8730158730154
-2510.8730158730154
-2521.8730158730154
-2503.8730158730154
-2514.8730158730154
-2525.8730158730154
-2536.8730158730154
-2547.8730158730154
-2500.8730158730154
-2511.8730158730154
-2522.8730158730154
-2533.8730158730154
-2544.8730158730154
-2555.8730158730154
-2566.8730158730154
-2577.8730158730154
-2588.8730158730154
-2599.8730158730154
-2610.8730158730154
-2621.8730158730154
-2574.8730158730154
-2585.8730158730154
-2571.650793650793
-2582.650793650793
-2593.650793650793
-2604.650793650793
-2615.650793650793
-2626.650793650793
-2637.650793650793
-2648.650793650793
-2659.650793650793
-2670.650793650793
-2681.650793650793
-2692.650793650793
-2703.650793650793
-2667.650793650793
-2678.650793650793
-2689.650793650793
-2700.650793650793
-2711.650793650793
-2722.650793650793
-2733.650793650793
-2744.650793650793
-2755.650793650793
-2766.650793650793
-2777.650793650793
-2788.650793650793
-2799.650793650793
-2810.650793650793
-2821.650793650793
-2832.650793650793
-2843.650793650793
-2854.650793650793
-2865.650793650793
-2876.650793650793
-2887.650793650793
-2898.650793650793
-2909.650793650793
-2920.650793650793
-2931.650793650793
-2942.650793650793
-2953.650793650793
-2964.650793650793
-2975.650793650793
-2986.650793650793
-2968.650793650793
-2979.650793650793
-2990.650793650793
-3001.650793650793
-3012.650793650793
-3023.650793650793
-3034.650793650793
