-11
-22
-33
-44
-26.0
-37.0
-48.0
-59.0
-70.0
-81.0
-92.0
-63.66666666666666
-74.66666666666666
-85.66666666666666
-96.66666666666666
-107.66666666666666
-89.66666666666666
-100.66666666666666
-111.66666666666666
-122.66666666666666
-133.66666666666666
-97.66666666666666
-108.66666666666666
-119.66666666666666
-130.66666666666666
-141.66666666666666
-152.66666666666666
-163.66666666666666
-174.66666666666666
-185.66666666666666
-196.66666666666666
-207.66666666666666
-218.66666666666666
-171.66666666666666
-182.66666666666666
-193.66666666666666
-204.66666666666666
-215.66666666666666
-226.66666666666666
-237.66666666666666
-248.66666666666666
-212.66666666666666
-223.66666666666666
-234.66666666666666
-245.66666666666666
-256.66666666666663
-267.66666666666663
-278.66666666666663
-231.66666666666663
-242.66666666666663
-253.66666666666663
-225.33333333333331
-236.33333333333331
-247.33333333333331
-258.3333333333333
-269.3333333333333
-280.3333333333333
-291.3333333333333
-302.3333333333333
-313.3333333333333
-324.3333333333333
-335.3333333333333
-312.76190476190476
-323.76190476190476
-334.76190476190476
-345.76190476190476
-356.76190476190476
-367.76190476190476
-378.76190476190476
-389.76190476190476
-400.76190476190476
-411.76190476190476
-422.76190476190476
-433.76190476190476
-444.76190476190476
-455.76190476190476
-466.76190476190476
-455.76190476190476
-466.76190476190476
-477.76190476190476
-441.76190476190476
-452.76190476190476
-463.76190476190476
-474.76190476190476
-485.76190476190476
-474.76190476190476
-485.76190476190476
-496.76190476190476
-507.76190476190476
-518.7619047619048
-507.7619047619048
-518.7619047619048
-529.7619047619048
-540.7619047619048
-551.7619047619048
-562.7619047619048
-573.7619047619048
-584.7619047619048
-595.7619047619048
-606.7619047619048
-617.7619047619048
-628.7619047619048
-600.4285714285716
-611.4285714285716
-622.4285714285716
-633.4285714285716
-644.4285714285716
-655.4285714285716
-666.4285714285716
-677.4285714285716
-688.4285714285716
-699.4285714285716
-710.4285714285716
-721.4285714285716
-732.4285714285716
-696.4285714285716
-707.4285714285716
-718.4285714285716
-729.4285714285716
-740.4285714285716
-751.4285714285716
-762.4285714285716
-773.4285714285716
-784.4285714285716
-795.4285714285716
-806.4285714285716
-817.4285714285716
-828.4285714285716
-839.4285714285716
-850.4285714285716
-861.4285714285716
-872.4285714285716
-807.7619047619048
-818.7619047619048
-829.7619047619048
-840.7619047619048
-851.7619047619048
-862.7619047619048
-873.7619047619048
-884.7619047619048
-895.7619047619048
-906.7619047619048
-917.7619047619048
-928.7619047619048
-939.7619047619048
-950.7619047619048
-851.7619047619048
-862.7619047619048
-873.7619047619048
-884.7619047619048
-895.7619047619048
-906.7619047619048
-917.7619047619048
-928.7619047619048
-939.7619047619048
-950.7619047619048
-961.7619047619048
-972.7619047619048
-873.7619047619048
-884.7619047619048
-895.7619047619048
-906.7619047619048
-917.7619047619048
-928.7619047619048
-939.7619047619048
-950.7619047619048
-961.7619047619048
-939.1904761904761
-950.1904761904761
-851.1904761904761
-862.1904761904761
-873.1904761904761
-884.1904761904761
-895.1904761904761
-906.1904761904761
-917.1904761904761
-928.1904761904761
-939.1904761904761
-950.1904761904761
-885.5238095238094
-896.5238095238094
-907.5238095238094
-918.5238095238094
-929.5238095238094
-940.5238095238094
-951.5238095238094
-962.5238095238094
-973.5238095238094
-984.5238095238094
-956.1904761904761
-967.1904761904761
-978.1904761904761
-989.1904761904761
-1000.1904761904761
-1011.1904761904761
-975.1904761904761
-986.1904761904761
-997.1904761904761
-1008.1904761904761
-1019.1904761904761
-1030.1904761904761
-1041.1904761904761
-1052.1904761904761
-1063.1904761904761
-1074.1904761904761
-1045.8571428571427
-1056.8571428571427
-1067.8571428571427
-1078.8571428571427
-1089.8571428571427
-1100.8571428571427
-1111.8571428571427
-1122.8571428571427
-1133.8571428571427
-1144.8571428571427
-1155.8571428571427
-1137.8571428571427
-1148.8571428571427
-1084.1904761904761
-1037.1904761904761
-1048.1904761904761
-1059.1904761904761
-1070.1904761904761
-1081.1904761904761
-1092.1904761904761
-1103.1904761904761
-1114.1904761904761
-1125.1904761904761
-1136.1904761904761
-1037.1904761904761
-1048.1904761904761
-1059.1904761904761
-1070.1904761904761
-1081.1904761904761
-1092.1904761904761
-1103.1904761904761
-1114.1904761904761
-1015.1904761904761
-1026.1904761904761
-1037.1904761904761
-1048.1904761904761
-1059.1904761904761
-1070.1904761904761
-1034.1904761904761
-1045.1904761904761
-1056.1904761904761
-1067.1904761904761
-1078.1904761904761
-1089.1904761904761
-1100.1904761904761
-1111.1904761904761
-1122.1904761904761
-1086.1904761904761
-1097.1904761904761
-1108.1904761904761
-1119.1904761904761
-1072.1904761904761
-1083.1904761904761
-1094.1904761904761
-1105.1904761904761
-1116.1904761904761
-1127.1904761904761
-1116.1904761904761
-1127.1904761904761
-1138.1904761904761
-1149.1904761904761
-1084.5238095238096
-1095.5238095238096
-1106.5238095238096
-1117.5238095238096
-1128.5238095238096
-1139.5238095238096
-1116.9523809523812
-1080.9523809523812
-1091.9523809523812
-1102.9523809523812
-1113.9523809523812
-1124.9523809523812
-1135.9523809523812
-1146.9523809523812
-1157.9523809523812
-1168.9523809523812
-1179.9523809523812
-1190.9523809523812
-1201.9523809523812
-1183.9523809523812
-1194.9523809523812
-1205.9523809523812
-1216.9523809523812
-1227.9523809523812
-1238.9523809523812
-1249.9523809523812
-1227.3809523809527
-1238.3809523809527
-1249.3809523809527
-1260.3809523809527
-1271.3809523809527
-1282.3809523809527
-1293.3809523809527
-1304.3809523809527
-1315.3809523809527
-1326.3809523809527
-1337.3809523809527
-1348.3809523809527
-1359.3809523809527
-1323.3809523809527
-1334.3809523809527
-1345.3809523809527
-1356.3809523809527
-1367.3809523809527
-1378.3809523809527
-1389.3809523809527
-1400.3809523809527
-1411.3809523809527
-1422.3809523809527
-1433.3809523809527
-1444.3809523809527
-1455.3809523809527
-1466.3809523809527
-1477.3809523809527
-1488.3809523809527
-1499.3809523809527
-1510.3809523809527
-1521.3809523809527
-1532.3809523809527
-1543.3809523809527
-1554.3809523809527
-1565.3809523809527
-1576.3809523809527
-1587.3809523809527
-1598.3809523809527
-1609.3809523809527
-1620.3809523809527
-1606.1587301587306
-1617.1587301587306
-1628.1587301587306
-1639.1587301587306
-1650.1587301587306
-1661.1587301587306
-1672.1587301587306
-1683.1587301587306
-1694.1587301587306
-1705.1587301587306
-1716.1587301587306
-1727.1587301587306
-1738.1587301587306
-1749.1587301587306
-1760.1587301587306
-1713.1587301587306
-1724.1587301587306
-1735.1587301587306
-1746.1587301587306
-1757.1587301587306
-1768.1587301587306
-1779.1587301587306
-1790.1587301587306
-1801.1587301587306
-1812.1587301587306
-1823.1587301587306
-1834.1587301587306
-1845.1587301587306
-1856.1587301587306
-1867.1587301587306
-1878.1587301587306
-1889.1587301587306
-1900.1587301587306
-1911.1587301587306
-1922.1587301587306
-1933.1587301587306
-1944.1587301587306
-1955.1587301587306
-1966.1587301587306
-1977.1587301587306
-1988.1587301587306
-1999.1587301587306
-2010.1587301587306
-2021.1587301587306
-1992.825396825397
-2003.825396825397
-2014.825396825397
-2025.825396825397
-2014.825396825397
-2000.603174603175
-2011.603174603175
-2022.603174603175
-2004.603174603175
-2015.603174603175
-2026.603174603175
-2037.603174603175
-2048.603174603175
-2059.603174603175
-2070.603174603175
-2081.603174603175
-2092.603174603175
-2103.603174603175
-2114.603174603175
-2125.603174603175
-2136.603174603175
-2147.603174603175
-2125.0317460317465
-2136.0317460317465
-2147.0317460317465
-2158.0317460317465
-2169.0317460317465
-2180.0317460317465
-2191.0317460317465
-2202.0317460317465
-2179.460317460318
-2190.460317460318
-2201.460317460318
-2212.460317460318
-2223.460317460318
-2234.460317460318
-2245.460317460318
-2256.460317460318
-2267.460317460318
-2278.460317460318
-2289.460317460318
-2300.460317460318
-2235.793650793651
-2246.793650793651
-2257.793650793651
-2210.793650793651
-2221.793650793651
-2232.793650793651
-2243.793650793651
-2254.793650793651
-2265.793650793651
-2276.793650793651
-2287.793650793651
-2240.793650793651
-2251.793650793651
-2262.793650793651
-2273.793650793651
-2284.793650793651
-2295.793650793651
-2306.793650793651
-2317.793650793651
-2328.793650793651
-2339.793650793651
-2350.793650793651
-2361.793650793651
-2372.793650793651
-2354.793650793651
-2365.793650793651
-2329.793650793651
-2340.793650793651
-2322.793650793651
-2333.793650793651
-2344.793650793651
-2355.793650793651
-2366.793650793651
-2377.793650793651
-2388.793650793651
-2377.793650793651
-2388.793650793651
-2399.793650793651
-2410.793650793651
-2421.793650793651
-2432.793650793651
-2410.2222222222226
-2421.2222222222226
-2432.2222222222226
-2443.2222222222226
-2454.2222222222226
-2389.5555555555557
-2342.5555555555557
-2353.5555555555557
-2364.5555555555557
-2375.5555555555557
-2386.5555555555557
-2375.5555555555557
-2386.5555555555557
-2397.5555555555557
-2408.5555555555557
-2419.5555555555557
-2430.5555555555557
-2441.5555555555557
-2452.5555555555557
-2463.5555555555557
-2474.5555555555557
-2485.5555555555557
-2496.5555555555557
-2507.5555555555557
-2518.5555555555557
-2529.5555555555557
-2540.5555555555557
-2551.5555555555557
-2562.5555555555557
-2573.5555555555557
-2559.333333333333
-2460.333333333333
-2471.333333333333
-2482.333333333333
-2493.333333333333
-2504.333333333333
-2515.333333333333
-2526.333333333333
-2537.333333333333
-2472.666666666666
-2483.666666666666
-2494.666666666666
-2429.999999999999
-2440.999999999999
-2451.999999999999
-2462.999999999999
-2473.999999999999
-2484.999999999999
-2385.999999999999
-2396.999999999999
-2407.999999999999
-2418.999999999999
-2429.999999999999
-2440.999999999999
-2376.333333333332
-2362.1111111111095
-2373.1111111111095
-2384.1111111111095
-2395.1111111111095
-2359.1111111111095
-2370.1111111111095
-2381.1111111111095
-2392.1111111111095
-2403.1111111111095
-2414.1111111111095
-2425.1111111111095
-2436.1111111111095
-2447.1111111111095
-2458.1111111111095
-2469.1111111111095
-2480.1111111111095
-2491.1111111111095
-2502.1111111111095
-2513.1111111111095
-2524.1111111111095
-2488.1111111111095
-2499.1111111111095
-2510.1111111111095
-2521.1111111111095
-2532.1111111111095
-2543.1111111111095
-2554.1111111111095
-2565.1111111111095
-2576.1111111111095
-2587.1111111111095
-2598.1111111111095
-2609.1111111111095
-2620.1111111111095
-2631.1111111111095
-2642.1111111111095
-2653.1111111111095
-2664.1111111111095
-2675.1111111111095
-2686.1111111111095
-2621.4444444444425
-2632.4444444444425
-2643.4444444444425
-2625.4444444444425
-2636.4444444444425
-2571.7777777777756
-2582.7777777777756
-2593.7777777777756
-2604.7777777777756
-2615.7777777777756
-2626.7777777777756
-2637.7777777777756
-2648.7777777777756
-2637.7777777777756
-2648.7777777777756
-2659.7777777777756
-2670.7777777777756
-2681.7777777777756
-2692.7777777777756
-2703.7777777777756
-2714.7777777777756
-2725.7777777777756
-2689.7777777777756
-2700.7777777777756
-2711.7777777777756
-2675.7777777777756
-2686.7777777777756
-2697.7777777777756
-2708.7777777777756
-2719.7777777777756
-2730.7777777777756
-2741.7777777777756
-2719.206349206347
-2730.206349206347
-2741.206349206347
-2752.206349206347
-2763.206349206347
-2774.206349206347
-2785.206349206347
-2796.206349206347
-2807.206349206347
-2818.206349206347
-2829.206349206347
-2840.206349206347
-2851.206349206347
-2862.206349206347
-2873.206349206347
-2884.206349206347
-2895.206349206347
-2906.206349206347
-2917.206349206347
-2928.206349206347
-2939.206349206347
-2950.206349206347
-2961.206349206347
-2972.206349206347
-2983.206349206347
-2884.206349206347
-2895.206349206347
-2906.206349206347
-2917.206349206347
-2928.206349206347
-2939.206349206347
-2950.206349206347
-2961.206349206347
-2972.206349206347
-2983.206349206347
-2994.206349206347
-3005.206349206347
-3016.206349206347
-2998.206349206347
-3009.206349206347
-3020.206349206347
-3031.206349206347
-3042.206349206347
-3053.206349206347
-3064.206349206347
-3075.206349206347
-3086.206349206347
-3097.206349206347
-3108.206349206347
-3119.206349206347
-3020.206349206347
-3031.206349206347
-3042.206349206347
-3019.6349206349187
-3030.6349206349187
-3041.6349206349187
-2976.9682539682517
-2987.9682539682517
-2998.9682539682517
-3009.9682539682517
-3020.9682539682517
-3031.9682539682517
-3042.9682539682517
-2943.9682539682517
-2921.3968253968233
-2932.3968253968233
-2943.3968253968233
-2954.3968253968233
-2965.3968253968233
-2976.3968253968233
-2987.3968253968233
-2888.3968253968233
-2899.3968253968233
-2910.3968253968233
-2921.3968253968233
-2932.3968253968233
-2943.3968253968233
-2954.3968253968233
-2965.3968253968233
-2976.3968253968233
-2987.3968253968233
-2998.3968253968233
-3009.3968253968233
-3020.3968253968233
-3031.3968253968233
-3042.3968253968233
-3053.3968253968233
-3064.3968253968233
-3075.3968253968233
-3086.3968253968233
-3097.3968253968233
-3108.3968253968233
-3119.3968253968233
-3130.3968253968233
-3083.3968253968233
-3094.3968253968233
-3105.3968253968233
-3116.3968253968233
-3127.3968253968233
-3138.3968253968233
-3149.3968253968233
-3160.3968253968233
-3171.3968253968233
-3182.3968253968233
-3193.3968253968233
-3204.3968253968233
-3215.3968253968233
-3226.3968253968233
-3237.3968253968233
-3248.3968253968233
-3259.3968253968233
-3270.3968253968233
-3281.3968253968233
