-11
-22
-33
-44
-55
-66
-77
-88
-70.0
-81.0
-92.0
-103.0
-114.0
-78.0
-89.0
-100.0
-111.0
-122.0
-133.0
-144.0
-155.0
-166.0
-130.0
-141.0
-152.0
-163.0
-174.0
-185.0
-196.0
-207.0
-218.0
-229.0
-240.0
-251.0
-262.0
-273.0
-284.0
-295.0
-306.0
-317.0
-328.0
-339.0
-350.0
-361.0
-372.0
-383.0
-394.0
-405.0
-416.0
-427.0
-438.0
-339.0
-350.0
-361.0
-372.0
-383.0
-394.0
-405.0
-416.0
-317.0
-328.0
-339.0
-350.0
-361.0
-372.0
-383.0
-394.0
-379.7777777777778
-390.7777777777778
-401.7777777777778
-412.7777777777778
-423.7777777777778
-434.7777777777778
-445.7777777777778
-456.7777777777778
-467.7777777777778
-478.7777777777778
-489.7777777777778
-500.7777777777778
-511.7777777777778
-522.7777777777778
-533.7777777777778
-544.7777777777778
-555.7777777777778
-566.7777777777778
-577.7777777777778
-588.7777777777778
-599.7777777777778
-610.7777777777778
-588.2063492063492
-599.2063492063492
-610.2063492063492
-587.6349206349205
-598.6349206349205
-609.6349206349205
-620.6349206349205
-631.6349206349205
-642.6349206349205
-653.6349206349205
-664.6349206349205
-675.6349206349205
-686.6349206349205
-697.6349206349205
-708.6349206349205
-719.6349206349205
-730.6349206349205
-741.6349206349205
-752.6349206349205
-763.6349206349205
-774.6349206349205
-785.6349206349205
-796.6349206349205
-807.6349206349205
-818.6349206349205
-829.6349206349205
-840.6349206349205
-851.6349206349205
-862.6349206349205
-873.6349206349205
-884.6349206349205
-895.6349206349205
-906.6349206349205
-917.6349206349205
-928.6349206349205
-939.6349206349205
-950.6349206349205
-961.6349206349205
-933.3015873015872
-944.3015873015872
-897.3015873015872
-908.3015873015872
-919.3015873015872
-930.3015873015872
-941.3015873015872
-952.3015873015872
-963.3015873015872
-974.3015873015872
-985.3015873015872
-996.3015873015872
-1007.3015873015872
-1018.3015873015872
-1029.3015873015872
-1040.3015873015872
-975.6349206349205
-986.6349206349205
-997.6349206349205
-1008.6349206349205
-961.6349206349205
-972.6349206349205
-983.6349206349205
-994.6349206349205
-1005.6349206349205
-1016.6349206349205
-1027.6349206349205
-1038.6349206349205
-1049.6349206349205
-1060.6349206349205
-1071.6349206349205
-1082.6349206349205
-1093.6349206349205
-1104.6349206349205
-1115.6349206349205
-1126.6349206349205
-1137.6349206349205
-1148.6349206349205
-1159.6349206349205
-1148.6349206349205
-1134.4126984126983
-1145.4126984126983
-1156.4126984126983
-1167.4126984126983
-1178.4126984126983
-1189.4126984126983
-1200.4126984126983
-1211.4126984126983
-1222.4126984126983
-1233.4126984126983
-1244.4126984126983
-1255.4126984126983
-1266.4126984126983
-1277.4126984126983
-1288.4126984126983
-1299.4126984126983
-1310.4126984126983
-1321.4126984126983
-1256.7460317460318
-1242.5238095238096
-1253.5238095238096
-1225.1904761904761
-1214.1904761904761
-1225.1904761904761
-1236.1904761904761
-1247.1904761904761
-1258.1904761904761
-1235.6190476190477
-1246.6190476190477
-1257.6190476190477
-1268.6190476190477
-1279.6190476190477
-1290.6190476190477
-1301.6190476190477
-1312.6190476190477
-1323.6190476190477
-1334.6190476190477
-1345.6190476190477
-1356.6190476190477
-1367.6190476190477
-1378.6190476190477
-1389.6190476190477
-1400.6190476190477
-1411.6190476190477
-1422.6190476190477
-1433.6190476190477
-1444.6190476190477
-1455.6190476190477
-1466.6190476190477
-1477.6190476190477
-1488.6190476190477
-1389.6190476190477
-1400.6190476190477
-1411.6190476190477
-1422.6190476190477
-1433.6190476190477
-1444.6190476190477
-1455.6190476190477
-1466.6190476190477
-1477.6190476190477
-1488.6190476190477
-1499.6190476190477
-1510.6190476190477
-1474.6190476190477
-1485.6190476190477
-1496.6190476190477
-1507.6190476190477
-1518.6190476190477
-1529.6190476190477
-1540.6190476190477
-1551.6190476190477
-1562.6190476190477
-1573.6190476190477
-1584.6190476190477
-1595.6190476190477
-1606.6190476190477
-1617.6190476190477
-1628.6190476190477
-1639.6190476190477
-1650.6190476190477
-1661.6190476190477
-1672.6190476190477
-1607.9523809523812
-1618.9523809523812
-1629.9523809523812
-1640.9523809523812
-1651.9523809523812
-1662.9523809523812
-1673.9523809523812
-1684.9523809523812
-1662.3809523809527
-1673.3809523809527
-1684.3809523809527
-1695.3809523809527
-1706.3809523809527
-1717.3809523809527
-1728.3809523809527
-1739.3809523809527
-1750.3809523809527
-1761.3809523809527
-1772.3809523809527
-1783.3809523809527
-1794.3809523809527
-1805.3809523809527
-1816.3809523809527
-1827.3809523809527
-1838.3809523809527
-1810.0476190476193
-1821.0476190476193
-1832.0476190476193
-1843.0476190476193
-1854.0476190476193
-1865.0476190476193
-1876.0476190476193
-1887.0476190476193
-1898.0476190476193
-1909.0476190476193
-1920.0476190476193
-1931.0476190476193
-1942.0476190476193
-1953.0476190476193
-1964.0476190476193
-1975.0476190476193
-1986.0476190476193
-1997.0476190476193
-2008.0476190476193
-2019.0476190476193
-2030.0476190476193
-2041.0476190476193
-2052.0476190476193
-2063.0476190476193
-2074.0476190476193
-2085.0476190476193
-2096.0476190476193
-2107.0476190476193
-2118.0476190476193
-2129.0476190476193
-2140.0476190476193
-2151.0476190476193
-2162.0476190476193
-2173.0476190476193
-2184.0476190476193
-2195.0476190476193
-2206.0476190476193
-2217.0476190476193
-2228.0476190476193
-2239.0476190476193
-2250.0476190476193
-2261.0476190476193
-2272.0476190476193
-2283.0476190476193
-2294.0476190476193
-2305.0476190476193
-2316.0476190476193
-2327.0476190476193
-2338.0476190476193
-2349.0476190476193
-2360.0476190476193
-2371.0476190476193
-2382.0476190476193
-2359.476190476191
-2370.476190476191
-2381.476190476191
-2392.476190476191
-2403.476190476191
-2414.476190476191
-2425.476190476191
-2436.476190476191
-2447.476190476191
-2458.476190476191
-2469.476190476191
-2480.476190476191
-2491.476190476191
-2502.476190476191
-2455.476190476191
-2466.476190476191
-2477.476190476191
-2488.476190476191
-2499.476190476191
-2452.476190476191
-2463.476190476191
-2416.476190476191
-2427.476190476191
-2438.476190476191
-2449.476190476191
-2460.476190476191
-2471.476190476191
-2457.253968253968
-2468.253968253968
-2479.253968253968
-2490.253968253968
-2501.253968253968
-2512.253968253968
-2523.253968253968
-2534.253968253968
-2545.253968253968
-2556.253968253968
-2567.253968253968
-2578.253968253968
-2589.253968253968
-2600.253968253968
-2611.253968253968
-2622.253968253968
-2633.253968253968
-2644.253968253968
-2655.253968253968
-2666.253968253968
-2630.253968253968
-2641.253968253968
-2652.253968253968
-2663.253968253968
-2674.253968253968
-2685.253968253968
-2696.253968253968
-2707.253968253968
-2718.253968253968
-2619.253968253968
-2630.253968253968
-2641.253968253968
-2652.253968253968
-2663.253968253968
-2674.253968253968
-2685.253968253968
-2696.253968253968
-2707.253968253968
-2718.253968253968
-2729.253968253968
-2740.253968253968
-2751.253968253968
-2762.253968253968
-2773.253968253968
-2784.253968253968
-2795.253968253968
-2806.253968253968
-2817.253968253968
-2828.253968253968
-2839.253968253968
-2740.253968253968
-2693.253968253968
-2704.253968253968
-2715.253968253968
-2726.253968253968
-2690.253968253968
-2701.253968253968
-2712.253968253968
-2723.253968253968
-2734.253968253968
-2745.253968253968
-2756.253968253968
-2767.253968253968
-2778.253968253968
-2789.253968253968
-2800.253968253968
-2811.253968253968
-2822.253968253968
-2833.253968253968
-2844.253968253968
-2855.253968253968
-2866.253968253968
-2877.253968253968
-2888.253968253968
-2899.253968253968
-2881.253968253968
-2892.253968253968
-2903.253968253968
-2874.920634920635
-2885.920634920635
-2896.920634920635
-2907.920634920635
-2918.920634920635
-2929.920634920635
-2940.920634920635
-2951.920634920635
-2962.920634920635
-2973.920634920635
-2984.920634920635
-2995.920634920635
-3006.920634920635
-3017.920634920635
-3028.920634920635
-3006.3492063492067
-3017.3492063492067
-3028.3492063492067
-3039.3492063492067
-3011.0158730158737
-2964.0158730158737
-2975.0158730158737
-2986.0158730158737
-2997.0158730158737
-3008.0158730158737
-2990.0158730158737
-3001.0158730158737
-3012.0158730158737
-3023.0158730158737
-3034.0158730158737
-3045.0158730158737
-3056.0158730158737
-3067.0158730158737
-3078.0158730158737
-3089.0158730158737
-3100.0158730158737
-3111.0158730158737
-3122.0158730158737
-3133.0158730158737
-3144.0158730158737
-3155.0158730158737
-3119.0158730158737
-3130.0158730158737
-3112.0158730158737
-3123.0158730158737
-3134.0158730158737
-3035.0158730158737
-3046.0158730158737
-3057.0158730158737
-3068.0158730158737
-3079.0158730158737
-3090.0158730158737
-3101.0158730158737
-3112.0158730158737
-3123.0158730158737
-3134.0158730158737
-3145.0158730158737
-3080.3492063492067
-3091.3492063492067
-3102.3492063492067
-3113.3492063492067
-3124.3492063492067
-3135.3492063492067
-3117.3492063492067
-3128.3492063492067
-3139.3492063492067
-3150.3492063492067
-3161.3492063492067
-3172.3492063492067
-3183.3492063492067
-3194.3492063492067
-3205.3492063492067
-3216.3492063492067
-3227.3492063492067
-3238.3492063492067
-3249.3492063492067
-3260.3492063492067
-3271.3492063492067
-3282.3492063492067
-3293.3492063492067
-3304.3492063492067
-3290.126984126984
-3301.126984126984
-3312.126984126984
-3323.126984126984
-3334.126984126984
-3316.126984126984
-3327.126984126984
-3338.126984126984
-3349.126984126984
-3360.126984126984
-3371.126984126984
-3382.126984126984
-3393.126984126984
-3404.126984126984
-3389.9047619047615
-3400.9047619047615
-3411.9047619047615
-3389.333333333333
-3400.333333333333
-3411.333333333333
-3383.0
-3394.0
-3405.0
-3416.0
-3427.0
-3438.0
-3449.0
-3460.0
-3471.0
-3482.0
-3493.0
-3504.0
-3515.0
-3526.0
-3537.0
-3548.0
-3559.0
-3570.0
-3581.0
-3592.0
-3603.0
-3614.0
-3625.0
-3636.0
-3647.0
-3658.0
-3669.0
-3680.0
-3691.0
-3702.0
-3713.0
-3724.0
-3735.0
-3724.0
-3735.0
-3746.0
-3757.0
-3768.0
-3779.0
-3790.0
-3801.0
-3812.0
-3823.0
-3834.0
-3845.0
-3856.0
-3867.0
-3878.0
-3889.0
-3900.0
-3882.0
-3893.0
-3904.0
-3915.0
-3926.0
-3937.0
-3948.0
-3959.0
-3970.0
-3947.4285714285716
-3958.4285714285716
-3969.4285714285716
-3980.4285714285716
-3991.4285714285716
-3955.4285714285716
-3966.4285714285716
-3977.4285714285716
-3988.4285714285716
-3999.4285714285716
-4010.4285714285716
-4021.4285714285716
-4032.4285714285716
-4043.4285714285716
-4054.4285714285716
-4065.4285714285716
-4076.4285714285716
-4087.4285714285716
-4098.428571428572
-4109.428571428572
-4120.428571428572
-4131.428571428572
-4142.428571428572
-4153.428571428572
-4164.428571428572
-4175.428571428572
-4164.428571428572
-4146.428571428572
-4157.428571428572
-4168.428571428572
-4179.428571428572
-4190.428571428572
-4201.428571428572
-4212.428571428572
-4223.428571428572
-4234.428571428572
-4198.428571428572
-4099.428571428572
-4110.428571428572
-4121.428571428572
-4132.428571428572
-4143.428571428572
-4154.428571428572
-4165.428571428572
-4137.095238095238
-4148.095238095238
-4159.095238095238
-4170.095238095238
-4181.095238095238
-4192.095238095238
-4203.095238095238
-4156.095238095238
-4167.095238095238
-4178.095238095238
-4189.095238095238
-4200.095238095238
-4211.095238095238
-4222.095238095238
-4233.095238095238
-4244.095238095238
-4255.095238095238
-4266.095238095238
-4277.095238095238
-4288.095238095238
-4299.095238095238
-4310.095238095238
-4321.095238095238
-4332.095238095238
-4321.095238095238
-4298.523809523808
-4309.523809523808
-4320.523809523808
-4331.523809523808
-4342.523809523808
-4353.523809523808
-4364.523809523808
-4375.523809523808
-4386.523809523808
-4397.523809523808
-4408.523809523808
-4419.523809523808
-4430.523809523808
-4441.523809523808
-4452.523809523808
-4463.523809523808
-4474.523809523808
-4485.523809523808
-4457.190476190474
-4468.190476190474
-4479.190476190474
-4490.190476190474
-4501.190476190474
-4512.190476190474
-4523.190476190474
-4534.190476190474
-4545.190476190474
