-11
-22
-33
-44
55.0
154.0
143.0
132.0
121.0
110.0
99.0
88.0
187.0
176.0
165.0
154.0
143.0
132.0
231.0
220.0
209.0
198.0
187.0
215.33333333333331
314.3333333333333
303.3333333333333
292.3333333333333
281.3333333333333
270.3333333333333
259.3333333333333
323.99999999999994
312.99999999999994
301.99999999999994
290.99999999999994
279.99999999999994
378.99999999999994
367.99999999999994
356.99999999999994
345.99999999999994
334.99999999999994
323.99999999999994
312.99999999999994
301.99999999999994
290.99999999999994
389.99999999999994
378.99999999999994
367.99999999999994
356.99999999999994
345.99999999999994
334.99999999999994
323.99999999999994
359.99999999999994
458.99999999999994
447.99999999999994
436.99999999999994
425.99999999999994
443.99999999999994
432.99999999999994
421.99999999999994
410.99999999999994
475.6666666666666
464.6666666666666
453.6666666666666
442.6666666666666
431.6666666666666
420.6666666666666
409.6666666666666
398.6666666666666
387.6666666666666
376.6666666666666
365.6666666666666
354.6666666666666
377.2380952380951
476.2380952380951
465.2380952380951
454.2380952380951
443.2380952380951
432.2380952380951
421.2380952380951
485.90476190476176
474.90476190476176
463.90476190476176
452.90476190476176
441.90476190476176
430.90476190476176
441.90476190476176
430.90476190476176
419.90476190476176
408.90476190476176
397.90476190476176
496.90476190476176
485.90476190476176
474.90476190476176
463.90476190476176
452.90476190476176
441.90476190476176
430.90476190476176
419.90476190476176
408.90476190476176
397.90476190476176
386.90476190476176
415.2380952380951
404.2380952380951
503.2380952380951
492.2380952380951
481.2380952380951
470.2380952380951
459.2380952380951
448.2380952380951
437.2380952380951
465.5714285714285
454.5714285714285
443.5714285714285
432.5714285714285
531.5714285714284
520.5714285714284
509.57142857142844
498.57142857142844
563.2380952380952
662.2380952380952
651.2380952380952
640.2380952380952
629.2380952380952
693.9047619047619
682.9047619047619
671.9047619047619
694.4761904761906
683.4761904761906
672.4761904761906
661.4761904761906
726.1428571428573
715.1428571428573
814.1428571428573
803.1428571428573
792.1428571428573
781.1428571428573
770.1428571428573
759.1428571428573
748.1428571428573
737.1428571428573
726.1428571428573
715.1428571428573
704.1428571428573
693.1428571428573
682.1428571428573
671.1428571428573
660.1428571428573
707.1428571428573
725.1428571428573
824.1428571428573
813.1428571428573
802.1428571428573
791.1428571428573
780.1428571428573
769.1428571428573
758.1428571428573
747.1428571428573
846.1428571428573
835.1428571428573
824.1428571428573
813.1428571428573
802.1428571428573
791.1428571428573
780.1428571428573
769.1428571428573
758.1428571428573
747.1428571428573
736.1428571428573
835.1428571428573
824.1428571428573
813.1428571428573
802.1428571428573
791.1428571428573
780.1428571428573
769.1428571428573
787.1428571428573
886.1428571428573
875.1428571428573
864.1428571428573
886.714285714286
875.714285714286
864.714285714286
853.714285714286
842.714285714286
831.714285714286
820.714285714286
809.714285714286
798.714285714286
787.714285714286
886.714285714286
985.714285714286
1050.3809523809527
1039.3809523809527
1028.3809523809527
1017.3809523809527
1006.3809523809527
995.3809523809527
984.3809523809527
973.3809523809527
962.3809523809527
998.3809523809527
1045.3809523809527
1034.3809523809527
1023.3809523809527
1088.0476190476193
1077.0476190476193
1066.0476190476193
1055.0476190476193
1044.0476190476193
1091.0476190476193
1080.0476190476193
1069.0476190476193
1168.0476190476193
1157.0476190476193
1146.0476190476193
1193.0476190476193
1182.0476190476193
1171.0476190476193
1160.0476190476193
1149.0476190476193
1163.2698412698414
1152.2698412698414
1141.2698412698414
1130.2698412698414
1119.2698412698414
1108.2698412698414
1097.2698412698414
1144.2698412698414
1133.2698412698414
1155.8412698412699
1144.8412698412699
1155.8412698412699
1220.5079365079364
1238.5079365079364
1303.174603174603
1292.174603174603
1303.174603174603
1292.174603174603
1339.174603174603
1328.174603174603
1317.174603174603
1306.174603174603
1405.174603174603
1452.174603174603
1499.174603174603
1488.174603174603
1477.174603174603
1491.396825396825
1480.396825396825
1469.396825396825
1505.396825396825
1494.396825396825
1483.396825396825
1472.396825396825
1461.396825396825
1450.396825396825
1515.0634920634916
1504.0634920634916
1515.0634920634916
1504.0634920634916
1493.0634920634916
1482.0634920634916
1581.0634920634916
1570.0634920634916
1559.0634920634916
1658.0634920634916
1647.0634920634916
1636.0634920634916
1625.0634920634916
1614.0634920634916
1603.0634920634916
1592.0634920634916
1581.0634920634916
1570.0634920634916
1669.0634920634916
1768.0634920634916
1757.0634920634916
1746.0634920634916
1735.0634920634916
1724.0634920634916
1823.0634920634916
1922.0634920634916
2021.0634920634916
2010.0634920634916
1999.0634920634916
2098.0634920634916
2087.0634920634916
2105.0634920634916
2094.0634920634916
2158.7301587301586
2147.7301587301586
2136.7301587301586
2125.7301587301586
2114.7301587301586
2103.7301587301586
2092.7301587301586
2081.7301587301586
2128.7301587301586
2117.7301587301586
2106.7301587301586
2095.7301587301586
2194.7301587301586
2183.7301587301586
2172.7301587301586
2271.7301587301586
2260.7301587301586
2249.7301587301586
2238.7301587301586
2337.7301587301586
2436.7301587301586
2425.7301587301586
2414.7301587301586
2513.7301587301586
2502.7301587301586
2491.7301587301586
2480.7301587301586
2469.7301587301586
2458.7301587301586
2447.7301587301586
2436.7301587301586
2425.7301587301586
2414.7301587301586
2403.7301587301586
2392.7301587301586
2381.7301587301586
2370.7301587301586
2388.7301587301586
2377.7301587301586
2366.7301587301586
2355.7301587301586
2420.3968253968255
2409.3968253968255
2398.3968253968255
2387.3968253968255
2486.3968253968255
2475.3968253968255
2464.3968253968255
2453.3968253968255
2442.3968253968255
2431.3968253968255
2420.3968253968255
2519.3968253968255
2508.3968253968255
2497.3968253968255
2486.3968253968255
2475.3968253968255
2464.3968253968255
2453.3968253968255
2442.3968253968255
2431.3968253968255
2420.3968253968255
2409.3968253968255
2398.3968253968255
2426.7301587301586
2525.7301587301586
2514.7301587301586
2503.7301587301586
2550.7301587301586
2539.7301587301586
2528.7301587301586
2517.7301587301586
2506.7301587301586
2495.7301587301586
2484.7301587301586
2473.7301587301586
2520.7301587301586
2509.7301587301586
2608.7301587301586
2597.7301587301586
2586.7301587301586
2575.7301587301586
2564.7301587301586
2553.7301587301586
2542.7301587301586
2531.7301587301586
2520.7301587301586
2509.7301587301586
2608.7301587301586
2597.7301587301586
2611.952380952381
2600.952380952381
2589.952380952381
2578.952380952381
2625.952380952381
2614.952380952381
2603.952380952381
2592.952380952381
2581.952380952381
2570.952380952381
2599.285714285714
2588.285714285714
2577.285714285714
2676.285714285714
2665.285714285714
2764.285714285714
2753.285714285714
2742.285714285714
2731.285714285714
2830.285714285714
2894.952380952381
2883.952380952381
2872.952380952381
2861.952380952381
2850.952380952381
2839.952380952381
2828.952380952381
2817.952380952381
2806.952380952381
2795.952380952381
2784.952380952381
2773.952380952381
2762.952380952381
2785.5238095238096
2774.5238095238096
2810.5238095238096
2799.5238095238096
2788.5238095238096
2802.7460317460323
2791.7460317460323
2780.7460317460323
2791.7460317460323
2780.7460317460323
2769.7460317460323
2758.7460317460323
2857.7460317460323
2846.7460317460323
2835.7460317460323
2824.7460317460323
2813.7460317460323
2802.7460317460323
2849.7460317460323
2838.7460317460323
2827.7460317460323
2816.7460317460323
2805.7460317460323
2816.7460317460323
2805.7460317460323
2794.7460317460323
2783.7460317460323
2772.7460317460323
2786.968253968255
2775.968253968255
2764.968253968255
2753.968253968255
2742.968253968255
2731.968253968255
2720.968253968255
2709.968253968255
2698.968253968255
2687.968253968255
2676.968253968255
2665.968253968255
2764.968253968255
2753.968253968255
2764.968253968255
2753.968253968255
2742.968253968255
2731.968253968255
2720.968253968255
2709.968253968255
2698.968253968255
2687.968253968255
2676.968253968255
2665.968253968255
2701.968253968255
2690.968253968255
2679.968253968255
2668.968253968255
2657.968253968255
2646.968253968255
2635.968253968255
2700.634920634922
2689.634920634922
2678.634920634922
2777.634920634922
2766.634920634922
2755.634920634922
2744.634920634922
2733.634920634922
2722.634920634922
2711.634920634922
2722.634920634922
2711.634920634922
2700.634920634922
2689.634920634922
2678.634920634922
2667.634920634922
2656.634920634922
2645.634920634922
2634.634920634922
2623.634920634922
2612.634920634922
2626.8571428571445
2615.8571428571445
2604.8571428571445
2703.8571428571445
2692.8571428571445
2681.8571428571445
2670.8571428571445
2659.8571428571445
2648.8571428571445
2637.8571428571445
2626.8571428571445
2673.8571428571445
2662.8571428571445
2677.079365079367
2666.079365079367
2677.079365079367
2666.079365079367
2677.079365079367
2666.079365079367
2655.079365079367
2644.079365079367
2633.079365079367
2622.079365079367
2611.079365079367
2600.079365079367
2589.079365079367
2578.079365079367
2567.079365079367
2556.079365079367
2545.079365079367
2534.079365079367
2523.079365079367
2512.079365079367
2501.079365079367
2490.079365079367
2554.746031746034
2590.746031746034
2579.746031746034
2593.9682539682567
2582.9682539682567
2571.9682539682567
2560.9682539682567
2549.9682539682567
2538.9682539682567
2574.9682539682567
2563.9682539682567
2552.9682539682567
2541.9682539682567
2530.9682539682567
2519.9682539682567
2508.9682539682567
2573.6349206349237
2562.6349206349237
2661.6349206349237
2650.6349206349237
2678.9682539682567
2696.9682539682567
2685.9682539682567
2674.9682539682567
2663.9682539682567
2652.9682539682567
2751.9682539682567
2740.9682539682567
2729.9682539682567
2828.9682539682567
2817.9682539682567
2806.9682539682567
2853.9682539682567
2842.9682539682567
2831.9682539682567
2820.9682539682567
2809.9682539682567
2798.9682539682567
2897.9682539682567
2886.9682539682567
2875.9682539682567
2864.9682539682567
2853.9682539682567
2842.9682539682567
2831.9682539682567
2820.9682539682567
2809.9682539682567
2798.9682539682567
2787.9682539682567
2776.9682539682567
2812.9682539682567
2801.9682539682567
2812.9682539682567
2801.9682539682567
2819.9682539682567
2808.9682539682567
2797.9682539682567
2786.9682539682567
2775.9682539682567
2764.9682539682567
2753.9682539682567
2742.9682539682567
2771.3015873015897
2760.3015873015897
2749.3015873015897
2738.3015873015897
2727.3015873015897
2749.873015873018
2738.873015873018
2727.873015873018
2826.873015873018
2815.873015873018
2804.873015873018
2793.873015873018
2782.873015873018
2829.873015873018
2818.873015873018
2807.873015873018
2796.873015873018
2785.873015873018
2800.095238095241
2864.7619047619078
2853.7619047619078
2842.7619047619078
2831.7619047619078
2820.7619047619078
2809.7619047619078
2798.7619047619078
2787.7619047619078
2776.7619047619078
2765.7619047619078
2754.7619047619078
2743.7619047619078
2757.9841269841304
2746.9841269841304
2735.9841269841304
2724.9841269841304
2713.9841269841304
2702.9841269841304
2749.9841269841304
2738.9841269841304
2727.9841269841304
2716.9841269841304
2815.9841269841304
2862.9841269841304
2851.9841269841304
2880.3174603174634
2944.9841269841304
2933.9841269841304
2922.9841269841304
2911.9841269841304
2900.9841269841304
2889.9841269841304
2900.9841269841304
2889.9841269841304
2878.9841269841304
2943.6507936507974
2932.6507936507974
2921.6507936507974
2910.6507936507974
2899.6507936507974
2888.6507936507974
2877.6507936507974
2866.6507936507974
2855.6507936507974
2844.6507936507974
2943.6507936507974
2932.6507936507974
2921.6507936507974
2910.6507936507974
2899.6507936507974
2998.6507936507974
2987.6507936507974
2976.6507936507974
2965.6507936507974
2954.6507936507974
2943.6507936507974
2957.87301587302
2946.87301587302
2935.87301587302
2924.87301587302
2913.87301587302
2902.87301587302
2891.87301587302
2880.87301587302
2869.87301587302
2858.87301587302
2847.87301587302
2836.87301587302
2825.87301587302
2814.87301587302
2803.87301587302
2792.87301587302
2857.539682539687
2846.539682539687
2835.539682539687
2849.7619047619096
2838.7619047619096
2937.7619047619096
3036.7619047619096
3025.7619047619096
3014.7619047619096
3003.7619047619096
2992.7619047619096
2981.7619047619096
3080.7619047619096
3069.7619047619096
3058.7619047619096
3047.7619047619096
3036.7619047619096
3135.7619047619096
3146.7619047619096
3245.7619047619096
3234.7619047619096
3281.7619047619096
3270.7619047619096
3259.7619047619096
3248.7619047619096
3237.7619047619096
3226.7619047619096
3215.7619047619096
3204.7619047619096
3193.7619047619096
3182.7619047619096
3281.7619047619096
3317.7619047619096
3306.7619047619096
3295.7619047619096
3284.7619047619096
3302.7619047619096
3291.7619047619096
3302.7619047619096
3291.7619047619096
3280.7619047619096
3269.7619047619096
3368.7619047619096
3357.7619047619096
3346.7619047619096
3445.7619047619096
3434.7619047619096
3423.7619047619096
3434.7619047619096
3423.7619047619096
3412.7619047619096
3401.7619047619096
3390.7619047619096
3379.7619047619096
3368.7619047619096
3357.7619047619096
3422.4285714285766
3411.4285714285766
3400.4285714285766
3389.4285714285766
3417.7619047619096
3516.7619047619096
3505.7619047619096
3494.7619047619096
3559.4285714285766
3624.0952380952435
3613.0952380952435
3602.0952380952435
3591.0952380952435
3580.0952380952435
3569.0952380952435
