-11
25.0
14.0
3.0
14.0
3.0
-8.0
-19.0
-30.0
-41.0
-52.0
-63.0
-74.0
-85.0
-96.0
-107.0
-118.0
-129.0
-140.0
-151.0
-162.0
-173.0
-184.0
-195.0
-206.0
-217.0
-228.0
-239.0
-174.33333333333331
-185.33333333333331
-196.33333333333331
-207.33333333333331
-218.33333333333331
-229.33333333333331
-240.33333333333331
-251.33333333333331
-262.3333333333333
-273.3333333333333
-284.3333333333333
-295.3333333333333
-306.3333333333333
-317.3333333333333
-328.3333333333333
-339.3333333333333
-350.3333333333333
-361.3333333333333
-372.3333333333333
-383.3333333333333
-394.3333333333333
-347.3333333333333
-358.3333333333333
-369.3333333333333
-380.3333333333333
-391.3333333333333
-377.11111111111114
-388.11111111111114
-399.11111111111114
-410.11111111111114
-421.11111111111114
-374.11111111111114
-385.11111111111114
-396.11111111111114
-407.11111111111114
-418.11111111111114
-429.11111111111114
-411.11111111111114
-422.11111111111114
-323.11111111111114
-334.11111111111114
-345.11111111111114
-356.11111111111114
-367.11111111111114
-378.11111111111114
-389.11111111111114
-400.11111111111114
-411.11111111111114
-422.11111111111114
-433.11111111111114
-444.11111111111114
-455.11111111111114
-466.11111111111114
-477.11111111111114
-488.11111111111114
-465.5396825396826
-476.5396825396826
-487.5396825396826
-498.5396825396826
-509.5396825396826
-520.5396825396826
-531.5396825396826
-542.5396825396826
-553.5396825396826
-564.5396825396826
-575.5396825396826
-586.5396825396826
-597.5396825396826
-608.5396825396826
-619.5396825396826
-630.5396825396826
-641.5396825396826
-652.5396825396826
-663.5396825396826
-674.5396825396826
-685.5396825396826
-696.5396825396826
-707.5396825396826
-718.5396825396826
-729.5396825396826
-740.5396825396826
-751.5396825396826
-762.5396825396826
-773.5396825396826
-784.5396825396826
-795.5396825396826
-806.5396825396826
-817.5396825396826
-828.5396825396826
-839.5396825396826
-850.5396825396826
-861.5396825396826
-872.5396825396826
-883.5396825396826
-894.5396825396826
-905.5396825396826
-916.5396825396826
-927.5396825396826
-938.5396825396826
-949.5396825396826
-960.5396825396826
-971.5396825396826
-982.5396825396826
-993.5396825396826
-970.968253968254
-981.968253968254
-992.968253968254
-1003.968253968254
-904.968253968254
-915.968253968254
-926.968253968254
-937.968253968254
-948.968253968254
-959.968253968254
-970.968253968254
-981.968253968254
-963.968253968254
-974.968253968254
-985.968253968254
-996.968253968254
-1007.968253968254
-1018.968253968254
-1029.968253968254
-1040.968253968254
-1051.968253968254
-1062.968253968254
-1073.968253968254
-1059.7460317460318
-1070.7460317460318
-1081.7460317460318
-1092.7460317460318
-1103.7460317460318
-1114.7460317460318
-1125.7460317460318
-1136.7460317460318
-1147.7460317460318
-1158.7460317460318
-1169.7460317460318
-1180.7460317460318
-1191.7460317460318
-1202.7460317460318
-1213.7460317460318
-1224.7460317460318
-1235.7460317460318
-1246.7460317460318
-1257.7460317460318
-1210.7460317460318
-1221.7460317460318
-1232.7460317460318
-1243.7460317460318
-1254.7460317460318
-1265.7460317460318
-1276.7460317460318
-1287.7460317460318
-1298.7460317460318
-1309.7460317460318
-1320.7460317460318
-1331.7460317460318
-1342.7460317460318
-1353.7460317460318
-1364.7460317460318
-1375.7460317460318
-1386.7460317460318
-1397.7460317460318
-1408.7460317460318
-1419.7460317460318
-1320.7460317460318
-1273.7460317460318
-1284.7460317460318
-1295.7460317460318
-1306.7460317460318
-1317.7460317460318
-1328.7460317460318
-1339.7460317460318
-1350.7460317460318
-1361.7460317460318
-1372.7460317460318
-1383.7460317460318
-1394.7460317460318
-1405.7460317460318
-1416.7460317460318
-1427.7460317460318
-1363.0793650793653
-1374.0793650793653
-1385.0793650793653
-1396.0793650793653
-1407.0793650793653
-1418.0793650793653
-1403.8571428571431
-1414.8571428571431
-1425.8571428571431
-1436.8571428571431
-1447.8571428571431
-1458.8571428571431
-1469.8571428571431
-1480.8571428571431
-1491.8571428571431
-1392.8571428571431
-1403.8571428571431
-1414.8571428571431
-1425.8571428571431
-1436.8571428571431
-1447.8571428571431
-1458.8571428571431
-1469.8571428571431
-1480.8571428571431
-1491.8571428571431
-1502.8571428571431
-1513.8571428571431
-1524.8571428571431
-1535.8571428571431
-1546.8571428571431
-1557.8571428571431
-1568.8571428571431
-1579.8571428571431
-1551.5238095238096
-1562.5238095238096
-1573.5238095238096
-1584.5238095238096
-1595.5238095238096
-1606.5238095238096
-1617.5238095238096
-1628.5238095238096
-1600.1904761904761
-1611.1904761904761
-1622.1904761904761
-1633.1904761904761
-1644.1904761904761
-1655.1904761904761
-1666.1904761904761
-1648.1904761904761
-1659.1904761904761
-1670.1904761904761
-1681.1904761904761
-1692.1904761904761
-1703.1904761904761
-1674.8571428571427
-1685.8571428571427
-1696.8571428571427
-1707.8571428571427
-1718.8571428571427
-1729.8571428571427
-1740.8571428571427
-1751.8571428571427
-1762.8571428571427
-1773.8571428571427
-1784.8571428571427
-1795.8571428571427
-1806.8571428571427
-1817.8571428571427
-1828.8571428571427
-1814.6349206349205
-1825.6349206349205
-1836.6349206349205
-1847.6349206349205
-1858.6349206349205
-1869.6349206349205
-1880.6349206349205
-1866.4126984126983
-1877.4126984126983
-1812.7460317460318
-1823.7460317460318
-1834.7460317460318
-1845.7460317460318
-1856.7460317460318
-1867.7460317460318
-1878.7460317460318
-1889.7460317460318
-1900.7460317460318
-1911.7460317460318
-1922.7460317460318
-1900.1746031746034
-1911.1746031746034
-1922.1746031746034
-1933.1746031746034
-1944.1746031746034
-1955.1746031746034
-1966.1746031746034
-1977.1746031746034
-1988.1746031746034
-1999.1746031746034
-2010.1746031746034
-2021.1746031746034
-2032.1746031746034
-2014.1746031746034
-2025.1746031746034
-2036.1746031746034
-2047.1746031746034
-2058.1746031746034
-2069.1746031746034
-2080.1746031746034
-2091.1746031746034
-2102.1746031746034
-2113.1746031746034
-2124.1746031746034
-2135.1746031746034
-2146.1746031746034
-2157.1746031746034
-2168.1746031746034
-2179.1746031746034
-2114.5079365079364
-2125.5079365079364
-2136.5079365079364
-2147.5079365079364
-2158.5079365079364
-2169.5079365079364
-2180.5079365079364
-2191.5079365079364
-2202.5079365079364
-2213.5079365079364
-2224.5079365079364
-2235.5079365079364
-2246.5079365079364
-2257.5079365079364
-2268.5079365079364
-2279.5079365079364
-2290.5079365079364
-2301.5079365079364
-2312.5079365079364
-2323.5079365079364
-2334.5079365079364
-2345.5079365079364
-2356.5079365079364
-2338.5079365079364
-2324.2857142857138
-2335.2857142857138
-2346.2857142857138
-2357.2857142857138
-2368.2857142857138
-2379.2857142857138
-2390.2857142857138
-2401.2857142857138
-2412.2857142857138
-2423.2857142857138
-2358.619047619047
-2369.619047619047
-2347.0476190476184
-2358.0476190476184
-2369.0476190476184
-2380.0476190476184
-2391.0476190476184
-2402.0476190476184
-2413.0476190476184
-2424.0476190476184
-2435.0476190476184
-2446.0476190476184
-2457.0476190476184
-2468.0476190476184
-2479.0476190476184
-2490.0476190476184
-2501.0476190476184
-2512.0476190476184
-2523.0476190476184
-2534.0476190476184
-2545.0476190476184
-2556.0476190476184
-2567.0476190476184
-2468.0476190476184
-2479.0476190476184
-2490.0476190476184
-2501.0476190476184
-2512.0476190476184
-2523.0476190476184
-2534.0476190476184
-2545.0476190476184
-2556.0476190476184
-2527.7142857142853
-2538.7142857142853
-2549.7142857142853
-2502.7142857142853
-2513.7142857142853
-2524.7142857142853
-2535.7142857142853
-2546.7142857142853
-2557.7142857142853
-2568.7142857142853
-2579.7142857142853
-2590.7142857142853
-2601.7142857142853
-2612.7142857142853
-2623.7142857142853
-2634.7142857142853
-2645.7142857142853
-2656.7142857142853
-2667.7142857142853
-2678.7142857142853
-2689.7142857142853
-2700.7142857142853
-2711.7142857142853
-2722.7142857142853
-2733.7142857142853
-2744.7142857142853
-2755.7142857142853
-2766.7142857142853
-2777.7142857142853
-2788.7142857142853
-2799.7142857142853
-2810.7142857142853
-2821.7142857142853
-2832.7142857142853
-2843.7142857142853
-2854.7142857142853
-2865.7142857142853
-2876.7142857142853
-2887.7142857142853
-2898.7142857142853
-2909.7142857142853
-2920.7142857142853
-2931.7142857142853
-2942.7142857142853
-2953.7142857142853
-2964.7142857142853
-2975.7142857142853
-2986.7142857142853
-2997.7142857142853
-3008.7142857142853
-3019.7142857142853
-3030.7142857142853
-3041.7142857142853
-3052.7142857142853
-3063.7142857142853
-3074.7142857142853
-3085.7142857142853
-3096.7142857142853
-2997.7142857142853
-3008.7142857142853
-3019.7142857142853
-3030.7142857142853
-3041.7142857142853
-3052.7142857142853
-3063.7142857142853
-2964.7142857142853
-2975.7142857142853
-2986.7142857142853
-2997.7142857142853
-3008.7142857142853
-2909.7142857142853
-2920.7142857142853
-2931.7142857142853
-2942.7142857142853
-2953.7142857142853
-2964.7142857142853
-2975.7142857142853
-2986.7142857142853
-2887.7142857142853
-2873.4920634920627
-2884.4920634920627
-2895.4920634920627
-2848.4920634920627
-2859.4920634920627
-2870.4920634920627
-2881.4920634920627
-2892.4920634920627
-2903.4920634920627
-2914.4920634920627
-2925.4920634920627
-2936.4920634920627
-2947.4920634920627
-2958.4920634920627
-2969.4920634920627
-2946.9206349206343
-2957.9206349206343
-2968.9206349206343
-2979.9206349206343
-2990.9206349206343
-3001.9206349206343
-3012.9206349206343
-3023.9206349206343
-3034.9206349206343
-3045.9206349206343
-3034.9206349206343
-3016.9206349206343
-3027.9206349206343
-2928.9206349206343
-2939.9206349206343
-2950.9206349206343
-2961.9206349206343
-2972.9206349206343
-2983.9206349206343
-2994.9206349206343
-3005.9206349206343
-3016.9206349206343
-3027.9206349206343
-3038.9206349206343
-3049.9206349206343
-3060.9206349206343
-3071.9206349206343
-3082.9206349206343
-3093.9206349206343
-3104.9206349206343
-3115.9206349206343
-3126.9206349206343
-3137.9206349206343
-3148.9206349206343
-3130.9206349206343
-3141.9206349206343
-3152.9206349206343
-3163.9206349206343
-3174.9206349206343
-3185.9206349206343
-3196.9206349206343
-3207.9206349206343
-3218.9206349206343
-3229.9206349206343
-3240.9206349206343
-3251.9206349206343
-3262.9206349206343
-3273.9206349206343
-3284.9206349206343
-3295.9206349206343
-3306.9206349206343
-3317.9206349206343
-3328.9206349206343
-3339.9206349206343
-3350.9206349206343
-3361.9206349206343
-3372.9206349206343
-3344.587301587301
-3355.587301587301
-3366.587301587301
-3377.587301587301
-3388.587301587301
-3399.587301587301
-3410.587301587301
-3421.587301587301
-3432.587301587301
-3443.587301587301
-3454.587301587301
-3465.587301587301
-3476.587301587301
-3487.587301587301
-3498.587301587301
-3509.587301587301
-3520.587301587301
-3506.3650793650786
-3517.3650793650786
-3528.3650793650786
-3539.3650793650786
-3550.3650793650786
-3561.3650793650786
-3572.3650793650786
-3561.3650793650786
-3572.3650793650786
-3583.3650793650786
-3594.3650793650786
-3605.3650793650786
-3616.3650793650786
-3627.3650793650786
-3638.3650793650786
-3649.3650793650786
-3660.3650793650786
-3671.3650793650786
-3682.3650793650786
-3693.3650793650786
-3704.3650793650786
-3690.142857142856
-3654.142857142856
-3665.142857142856
-3676.142857142856
-3687.142857142856
-3698.142857142856
-3709.142857142856
-3720.142857142856
-3731.142857142856
-3742.142857142856
-3753.142857142856
-3764.142857142856
-3775.142857142856
-3786.142857142856
-3797.142857142856
-3808.142857142856
-3819.142857142856
-3830.142857142856
-3841.142857142856
-3852.142857142856
-3863.142857142856
-3874.142857142856
-3885.142857142856
-3896.142857142856
-3907.142857142856
-3918.142857142856
-3929.142857142856
-3940.142857142856
-3951.142857142856
-3962.142857142856
-3973.142857142856
-3984.142857142856
-3995.142857142856
-4006.142857142856
-4017.142857142856
-4028.142857142856
-4039.142857142856
-4050.142857142856
-4061.142857142856
-4072.142857142856
-4083.142857142856
-4094.142857142856
-4105.142857142856
-4116.142857142856
-4127.142857142856
-4138.142857142856
-4149.142857142856
-4160.142857142856
-4131.809523809522
-4142.809523809522
-4114.476190476188
-4125.476190476188
-4060.809523809521
-4071.809523809521
-4082.809523809521
-4093.809523809521
-4104.809523809521
-4115.809523809521
-4126.809523809521
-4137.809523809521
-4109.476190476187
-4120.476190476187
-4106.253968253965
-4092.031746031742
-4103.031746031742
-4114.031746031742
-4125.031746031742
-4136.031746031742
-4147.031746031742
-4158.031746031742
-4169.031746031742
-4180.031746031742
-4151.698412698408
-4162.698412698408
-4173.698412698408
-4184.698412698408
-4195.698412698408
-4206.698412698408
-4217.698412698408
-4228.698412698408
-4239.698412698408
-4250.698412698408
-4261.698412698408
-4272.698412698408
-4283.698412698408
-4294.698412698408
-4305.698412698408
-4316.698412698408
-4327.698412698408
-4291.698412698408
-4302.698412698408
-4313.698412698408
-4324.698412698408
-4335.698412698408
-4346.698412698408
-4357.698412698408
-4368.698412698408
-4379.698412698408
-4390.698412698408
-4401.698412698408
-4412.698412698408
-4423.698412698408
-4434.698412698408
-4445.698412698408
-4456.698412698408
-4467.698412698408
