-11
-22
-33
-44
-55
-66
-43.42857142857143
-15.095238095238095
-26.095238095238095
-37.095238095238095
-14.523809523809524
-25.523809523809526
-36.523809523809526
-47.523809523809526
-58.523809523809526
-69.52380952380952
-80.52380952380952
-91.52380952380952
-102.52380952380952
-113.52380952380952
-124.52380952380952
-135.52380952380952
-146.52380952380952
-157.52380952380952
-168.52380952380952
-179.52380952380952
-190.52380952380952
-201.52380952380952
-212.52380952380952
-223.52380952380952
-234.52380952380952
-245.52380952380952
-256.5238095238095
-267.5238095238095
-278.5238095238095
-289.5238095238095
-300.5238095238095
-311.5238095238095
-322.5238095238095
-333.5238095238095
-344.5238095238095
-355.5238095238095
-366.5238095238095
-377.5238095238095
-388.5238095238095
-399.5238095238095
-410.5238095238095
-421.5238095238095
-432.5238095238095
-333.5238095238095
-344.5238095238095
-355.5238095238095
-366.5238095238095
-377.5238095238095
-388.5238095238095
-399.5238095238095
-410.5238095238095
-421.5238095238095
-322.5238095238095
-333.5238095238095
-344.5238095238095
-355.5238095238095
-366.5238095238095
-377.5238095238095
-388.5238095238095
-399.5238095238095
-410.5238095238095
-421.5238095238095
-432.5238095238095
-443.5238095238095
-454.5238095238095
-465.5238095238095
-476.5238095238095
-487.5238095238095
-498.5238095238095
-509.5238095238095
-481.19047619047615
-492.19047619047615
-503.19047619047615
-514.1904761904761
-525.1904761904761
-536.1904761904761
-547.1904761904761
-558.1904761904761
-569.1904761904761
-580.1904761904761
-591.1904761904761
-602.1904761904761
-613.1904761904761
-624.1904761904761
-635.1904761904761
-646.1904761904761
-657.1904761904761
-668.1904761904761
-679.1904761904761
-690.1904761904761
-643.1904761904761
-654.1904761904761
-665.1904761904761
-676.1904761904761
-687.1904761904761
-698.1904761904761
-709.1904761904761
-720.1904761904761
-731.1904761904761
-742.1904761904761
-753.1904761904761
-764.1904761904761
-775.1904761904761
-786.1904761904761
-797.1904761904761
-808.1904761904761
-819.1904761904761
-830.1904761904761
-841.1904761904761
-852.1904761904761
-863.1904761904761
-874.1904761904761
-885.1904761904761
-838.1904761904761
-849.1904761904761
-860.1904761904761
-871.1904761904761
-882.1904761904761
-893.1904761904761
-904.1904761904761
-915.1904761904761
-926.1904761904761
-890.1904761904761
-901.1904761904761
-912.1904761904761
-923.1904761904761
-934.1904761904761
-945.1904761904761
-898.1904761904761
-909.1904761904761
-920.1904761904761
-931.1904761904761
-942.1904761904761
-953.1904761904761
-964.1904761904761
-975.1904761904761
-986.1904761904761
-997.1904761904761
-968.8571428571429
-979.8571428571429
-990.8571428571429
-968.2857142857142
-979.2857142857142
-990.2857142857142
-1001.2857142857142
-1012.2857142857142
-1023.2857142857142
-1034.2857142857142
-1045.2857142857142
-1056.2857142857142
-1067.2857142857142
-1078.2857142857142
-1089.2857142857142
-1100.2857142857142
-1111.2857142857142
-1122.2857142857142
-1093.9523809523807
-1104.9523809523807
-1115.9523809523807
-1126.9523809523807
-1137.9523809523807
-1148.9523809523807
-1137.9523809523807
-1148.9523809523807
-1159.9523809523807
-1170.9523809523807
-1181.9523809523807
-1192.9523809523807
-1203.9523809523807
-1104.9523809523807
-1115.9523809523807
-1126.9523809523807
-1137.9523809523807
-1148.9523809523807
-1159.9523809523807
-1170.9523809523807
-1181.9523809523807
-1117.2857142857142
-1106.2857142857142
-1117.2857142857142
-1128.2857142857142
-1139.2857142857142
-1103.2857142857142
-1114.2857142857142
-1125.2857142857142
-1136.2857142857142
-1147.2857142857142
-1158.2857142857142
-1169.2857142857142
-1104.6190476190477
-1115.6190476190477
-1126.6190476190477
-1137.6190476190477
-1148.6190476190477
-1159.6190476190477
-1170.6190476190477
-1181.6190476190477
-1192.6190476190477
-1203.6190476190477
-1214.6190476190477
-1225.6190476190477
-1236.6190476190477
-1247.6190476190477
-1258.6190476190477
-1269.6190476190477
-1280.6190476190477
-1291.6190476190477
-1302.6190476190477
-1313.6190476190477
-1324.6190476190477
-1335.6190476190477
-1346.6190476190477
-1357.6190476190477
-1368.6190476190477
-1379.6190476190477
-1390.6190476190477
-1401.6190476190477
-1412.6190476190477
-1423.6190476190477
-1434.6190476190477
-1445.6190476190477
-1456.6190476190477
-1467.6190476190477
-1478.6190476190477
-1489.6190476190477
-1500.6190476190477
-1482.6190476190477
-1493.6190476190477
-1504.6190476190477
-1515.6190476190477
-1526.6190476190477
-1537.6190476190477
-1548.6190476190477
-1559.6190476190477
-1570.6190476190477
-1581.6190476190477
-1592.6190476190477
-1603.6190476190477
-1614.6190476190477
-1625.6190476190477
-1636.6190476190477
-1647.6190476190477
-1658.6190476190477
-1669.6190476190477
-1680.6190476190477
-1691.6190476190477
-1702.6190476190477
-1713.6190476190477
-1724.6190476190477
-1735.6190476190477
-1746.6190476190477
-1757.6190476190477
-1768.6190476190477
-1779.6190476190477
-1790.6190476190477
-1801.6190476190477
-1790.6190476190477
-1801.6190476190477
-1812.6190476190477
-1823.6190476190477
-1834.6190476190477
-1845.6190476190477
-1856.6190476190477
-1867.6190476190477
-1878.6190476190477
-1889.6190476190477
-1900.6190476190477
-1911.6190476190477
-1922.6190476190477
-1933.6190476190477
-1944.6190476190477
-1955.6190476190477
-1966.6190476190477
-1977.6190476190477
-1988.6190476190477
-1999.6190476190477
-2010.6190476190477
-2021.6190476190477
-2032.6190476190477
-2043.6190476190477
-2054.6190476190477
-2065.6190476190477
-2076.6190476190477
-2087.6190476190477
-2098.6190476190477
-2109.6190476190477
-2073.6190476190477
-1974.6190476190477
-1985.6190476190477
-1996.6190476190477
-2007.6190476190477
-2018.6190476190477
-2029.6190476190477
-2040.6190476190477
-2051.6190476190477
-2062.6190476190477
-2073.6190476190477
-2084.6190476190477
-2037.6190476190477
-1938.6190476190477
-1949.6190476190477
-1960.6190476190477
-1971.6190476190477
-1982.6190476190477
-1993.6190476190477
-2004.6190476190477
-2015.6190476190477
-2026.6190476190477
-2037.6190476190477
-2048.6190476190477
-2059.6190476190477
-2070.6190476190477
-2023.6190476190477
-2034.6190476190477
-2045.6190476190477
-2056.6190476190477
-2067.6190476190477
-2078.6190476190477
-2089.6190476190477
-2100.6190476190477
-2086.396825396825
-2097.396825396825
-2079.396825396825
-2090.396825396825
-2101.396825396825
-2112.396825396825
-2123.396825396825
-2134.396825396825
-2087.396825396825
-2098.396825396825
-2070.063492063492
-2081.063492063492
-2092.063492063492
-2103.063492063492
-2114.063492063492
-2125.063492063492
-2136.063492063492
-2147.063492063492
-2158.063492063492
-2169.063492063492
-2180.063492063492
-2191.063492063492
-2202.063492063492
-2213.063492063492
-2224.063492063492
-2235.063492063492
-2246.063492063492
-2257.063492063492
-2268.063492063492
-2279.063492063492
-2290.063492063492
-2301.063492063492
-2312.063492063492
-2323.063492063492
-2334.063492063492
-2235.063492063492
-2246.063492063492
-2257.063492063492
-2246.063492063492
-2257.063492063492
-2221.063492063492
-2232.063492063492
-2243.063492063492
-2254.063492063492
-2265.063492063492
-2276.063492063492
-2287.063492063492
-2188.063492063492
-2199.063492063492
-2210.063492063492
-2221.063492063492
-2232.063492063492
-2243.063492063492
-2254.063492063492
-2265.063492063492
-2276.063492063492
-2287.063492063492
-2298.063492063492
-2309.063492063492
-2320.063492063492
-2331.063492063492
-2313.063492063492
-2324.063492063492
-2335.063492063492
-2346.063492063492
-2357.063492063492
-2368.063492063492
-2379.063492063492
-2390.063492063492
-2379.063492063492
-2390.063492063492
-2401.063492063492
-2412.063492063492
-2423.063492063492
-2434.063492063492
-2445.063492063492
-2430.8412698412694
-2441.8412698412694
-2452.8412698412694
-2424.5079365079364
-2435.5079365079364
-2446.5079365079364
-2457.5079365079364
-2468.5079365079364
-2479.5079365079364
-2490.5079365079364
-2501.5079365079364
-2512.5079365079364
-2523.5079365079364
-2534.5079365079364
-2545.5079365079364
-2556.5079365079364
-2567.5079365079364
-2578.5079365079364
-2589.5079365079364
-2600.5079365079364
-2611.5079365079364
-2622.5079365079364
-2633.5079365079364
-2644.5079365079364
-2655.5079365079364
-2666.5079365079364
-2677.5079365079364
-2688.5079365079364
-2699.5079365079364
-2710.5079365079364
-2721.5079365079364
-2703.5079365079364
-2714.5079365079364
-2725.5079365079364
-2736.5079365079364
-2747.5079365079364
-2758.5079365079364
-2744.2857142857138
-2755.2857142857138
-2766.2857142857138
-2777.2857142857138
-2788.2857142857138
-2799.2857142857138
-2810.2857142857138
-2821.2857142857138
-2832.2857142857138
-2843.2857142857138
-2854.2857142857138
-2865.2857142857138
-2876.2857142857138
-2887.2857142857138
-2898.2857142857138
-2909.2857142857138
-2920.2857142857138
-2931.2857142857138
-2942.2857142857138
-2953.2857142857138
-2930.7142857142853
-2941.7142857142853
-2930.7142857142853
-2941.7142857142853
-2952.7142857142853
-2930.142857142857
-2941.142857142857
-2952.142857142857
-2963.142857142857
-2974.142857142857
-2985.142857142857
-2996.142857142857
-3007.142857142857
-3018.142857142857
-3029.142857142857
-3040.142857142857
-3051.142857142857
-3062.142857142857
-3073.142857142857
-3084.142857142857
-3095.142857142857
-3106.142857142857
-3117.142857142857
-3128.142857142857
-3139.142857142857
-3150.142857142857
-3161.142857142857
-3172.142857142857
-3183.142857142857
-3194.142857142857
-3205.142857142857
-3216.142857142857
-3117.142857142857
-3128.142857142857
-3139.142857142857
-3116.5714285714284
-3127.5714285714284
-3138.5714285714284
-3149.5714285714284
-3160.5714285714284
-3171.5714285714284
-3182.5714285714284
-3193.5714285714284
-3157.5714285714284
-3168.5714285714284
-3132.5714285714284
-3143.5714285714284
-3154.5714285714284
-3165.5714285714284
-3176.5714285714284
-3187.5714285714284
-3088.5714285714284
-3099.5714285714284
-3110.5714285714284
-3074.5714285714284
-3056.5714285714284
-3067.5714285714284
-3078.5714285714284
-3089.5714285714284
-3100.5714285714284
-3111.5714285714284
-3012.5714285714284
-3023.5714285714284
-3012.5714285714284
-3023.5714285714284
-2976.5714285714284
-2987.5714285714284
-2998.5714285714284
-3009.5714285714284
-3020.5714285714284
-3031.5714285714284
-2984.5714285714284
-2995.5714285714284
-3006.5714285714284
-3017.5714285714284
-3028.5714285714284
-3039.5714285714284
-3050.5714285714284
-3061.5714285714284
-3072.5714285714284
-3083.5714285714284
-3094.5714285714284
-3105.5714285714284
-3091.349206349206
-3102.349206349206
-3055.349206349206
-3066.349206349206
-3077.349206349206
-3088.349206349206
-3099.349206349206
-3110.349206349206
-3121.349206349206
-3132.349206349206
-3143.349206349206
-3078.682539682539
-3089.682539682539
-3100.682539682539
-3111.682539682539
-3122.682539682539
-3094.349206349206
-3105.349206349206
-3006.349206349206
-3017.349206349206
-3028.349206349206
-3039.349206349206
-3050.349206349206
-3061.349206349206
-3072.349206349206
-3083.349206349206
-3094.349206349206
-3105.349206349206
-3006.349206349206
-3017.349206349206
-3028.349206349206
-3039.349206349206
-3050.349206349206
-3061.349206349206
-3072.349206349206
-3083.349206349206
-3094.349206349206
-3105.349206349206
-3116.349206349206
-3127.349206349206
-3138.349206349206
-3149.349206349206
-3102.349206349206
-3113.349206349206
-3124.349206349206
-3025.349206349206
-3036.349206349206
-3018.349206349206
-3029.349206349206
-3040.349206349206
-3051.349206349206
-3062.349206349206
-3073.349206349206
-3084.349206349206
-3095.349206349206
-3106.349206349206
-3041.682539682539
-3052.682539682539
-3063.682539682539
-3074.682539682539
-3085.682539682539
-3096.682539682539
-3107.682539682539
-3008.682539682539
-3019.682539682539
-3030.682539682539
-3041.682539682539
-3052.682539682539
-3063.682539682539
-3052.682539682539
-3063.682539682539
-3074.682539682539
-3085.682539682539
-3096.682539682539
-3107.682539682539
-3118.682539682539
-3129.682539682539
-3140.682539682539
-3151.682539682539
-3123.349206349206
-3134.349206349206
-3145.349206349206
-3156.349206349206
-3167.349206349206
-3178.349206349206
-3189.349206349206
-3200.349206349206
-3135.682539682539
-3146.682539682539
-3099.682539682539
-3110.682539682539
-3121.682539682539
-3132.682539682539
-3143.682539682539
-3125.682539682539
-3136.682539682539
-3147.682539682539
-3158.682539682539
-3169.682539682539
-3105.015873015872
-3116.015873015872
-3127.015873015872
-3138.015873015872
-3149.015873015872
-3084.349206349205
-3095.349206349205
-3106.349206349205
-3117.349206349205
-3128.349206349205
-3139.349206349205
-3150.349206349205
-3122.015873015872
-3133.015873015872
-3144.015873015872
-3155.015873015872
-3166.015873015872
-3177.015873015872
-3188.015873015872
-3199.015873015872
-3210.015873015872
-3221.015873015872
-3232.015873015872
-3243.015873015872
-3254.015873015872
-3265.015873015872
-3276.015873015872
-3287.015873015872
-3298.015873015872
-3309.015873015872
-3320.015873015872
-3331.015873015872
-3342.015873015872
-3353.015873015872
-3364.015873015872
-3375.015873015872
-3386.015873015872
-3397.015873015872
-3408.015873015872
-3419.015873015872
-3430.015873015872
-3441.015873015872
-3452.015873015872
-3463.015873015872
-3427.015873015872
-3438.015873015872
-3449.015873015872
-3460.015873015872
-3442.015873015872
-3453.015873015872
-3464.015873015872
-3475.015873015872
-3486.015873015872
-3497.015873015872
-3508.015873015872
