-11
-22
-33
-18.77777777777778
-29.77777777777778
-40.77777777777778
-51.77777777777778
-62.77777777777778
-73.77777777777777
-84.77777777777777
-95.77777777777777
-106.77777777777777
-117.77777777777777
-81.77777777777777
-92.77777777777777
-103.77777777777777
-114.77777777777777
-125.77777777777777
-136.77777777777777
-147.77777777777777
-158.77777777777777
-169.77777777777777
-180.77777777777777
-191.77777777777777
-202.77777777777777
-213.77777777777777
-224.77777777777777
-235.77777777777777
-246.77777777777777
-257.77777777777777
-268.77777777777777
-279.77777777777777
-290.77777777777777
-301.77777777777777
-312.77777777777777
-323.77777777777777
-334.77777777777777
-345.77777777777777
-356.77777777777777
-367.77777777777777
-378.77777777777777
-389.77777777777777
-400.77777777777777
-411.77777777777777
-422.77777777777777
-433.77777777777777
-444.77777777777777
-455.77777777777777
-466.77777777777777
-477.77777777777777
-488.77777777777777
-499.77777777777777
-510.77777777777777
-521.7777777777778
-532.7777777777778
-504.4444444444445
-515.4444444444446
-526.4444444444446
-537.4444444444446
-548.4444444444446
-559.4444444444446
-570.4444444444446
-581.4444444444446
-592.4444444444446
-603.4444444444446
-580.8730158730159
-591.8730158730159
-602.8730158730159
-613.8730158730159
-624.8730158730159
-635.8730158730159
-588.8730158730159
-599.8730158730159
-610.8730158730159
-621.8730158730159
-632.8730158730159
-643.8730158730159
-654.8730158730159
-665.8730158730159
-676.8730158730159
-687.8730158730159
-676.8730158730159
-687.8730158730159
-698.8730158730159
-709.8730158730159
-720.8730158730159
-731.8730158730159
-742.8730158730159
-753.8730158730159
-764.8730158730159
-775.8730158730159
-786.8730158730159
-797.8730158730159
-808.8730158730159
-819.8730158730159
-830.8730158730159
-841.8730158730159
-852.8730158730159
-863.8730158730159
-874.8730158730159
-885.8730158730159
-874.8730158730159
-885.8730158730159
-896.8730158730159
-907.8730158730159
-918.8730158730159
-929.8730158730159
-940.8730158730159
-951.8730158730159
-962.8730158730159
-973.8730158730159
-984.8730158730159
-995.8730158730159
-1006.8730158730159
-1017.8730158730159
-1028.873015873016
-1039.873015873016
-1050.873015873016
-1032.873015873016
-1043.873015873016
-1054.873015873016
-1065.873015873016
-1076.873015873016
-1087.873015873016
-1098.873015873016
-1109.873015873016
-1120.873015873016
-1131.873015873016
-1142.873015873016
-1153.873015873016
-1164.873015873016
-1175.873015873016
-1186.873015873016
-1197.873015873016
-1208.873015873016
-1219.873015873016
-1230.873015873016
-1241.873015873016
-1142.873015873016
-1153.873015873016
-1089.2063492063494
-1100.2063492063494
-1111.2063492063494
-1122.2063492063494
-1133.2063492063494
-1144.2063492063494
-1155.2063492063494
-1137.2063492063494
-1148.2063492063494
-1159.2063492063494
-1170.2063492063494
-1181.2063492063494
-1145.2063492063494
-1156.2063492063494
-1167.2063492063494
-1068.2063492063494
-1079.2063492063494
-1090.2063492063494
-1101.2063492063494
-1112.2063492063494
-1123.2063492063494
-1134.2063492063494
-1145.2063492063494
-1156.2063492063494
-1167.2063492063494
-1178.2063492063494
-1189.2063492063494
-1200.2063492063494
-1211.2063492063494
-1222.2063492063494
-1233.2063492063494
-1244.2063492063494
-1255.2063492063494
-1266.2063492063494
-1277.2063492063494
-1288.2063492063494
-1299.2063492063494
-1310.2063492063494
-1321.2063492063494
-1332.2063492063494
-1343.2063492063494
-1354.2063492063494
-1365.2063492063494
-1376.2063492063494
-1387.2063492063494
-1398.2063492063494
-1409.2063492063494
-1420.2063492063494
-1431.2063492063494
-1442.2063492063494
-1453.2063492063494
-1464.2063492063494
-1475.2063492063494
-1486.2063492063494
-1497.2063492063494
-1508.2063492063494
-1519.2063492063494
-1530.2063492063494
-1541.2063492063494
-1552.2063492063494
-1563.2063492063494
-1574.2063492063494
-1585.2063492063494
-1596.2063492063494
-1607.2063492063494
-1618.2063492063494
-1629.2063492063494
-1611.2063492063494
-1622.2063492063494
-1633.2063492063494
-1644.2063492063494
-1655.2063492063494
-1556.2063492063494
-1567.2063492063494
-1578.2063492063494
-1589.2063492063494
-1600.2063492063494
-1611.2063492063494
-1622.2063492063494
-1633.2063492063494
-1644.2063492063494
-1626.2063492063494
-1637.2063492063494
-1648.2063492063494
-1601.2063492063494
-1612.2063492063494
-1623.2063492063494
-1634.2063492063494
-1645.2063492063494
-1656.2063492063494
-1667.2063492063494
-1678.2063492063494
-1689.2063492063494
-1671.2063492063494
-1682.2063492063494
-1693.2063492063494
-1704.2063492063494
-1715.2063492063494
-1726.2063492063494
-1737.2063492063494
-1748.2063492063494
-1759.2063492063494
-1770.2063492063494
-1781.2063492063494
-1792.2063492063494
-1803.2063492063494
-1814.2063492063494
-1825.2063492063494
-1836.2063492063494
-1847.2063492063494
-1858.2063492063494
-1869.2063492063494
-1880.2063492063494
-1851.873015873016
-1862.873015873016
-1873.873015873016
-1884.873015873016
-1895.873015873016
-1906.873015873016
-1917.873015873016
-1928.873015873016
-1939.873015873016
-1950.873015873016
-1939.873015873016
-1950.873015873016
-1961.873015873016
-1972.873015873016
-1983.873015873016
-1994.873015873016
-2005.873015873016
-2016.873015873016
-2027.873015873016
-2038.873015873016
-2049.873015873016
-2060.873015873016
-2071.873015873016
-2082.873015873016
-2093.873015873016
-2057.873015873016
-2068.873015873016
-2079.873015873016
-2090.873015873016
-2079.873015873016
-2090.873015873016
-2101.873015873016
-2090.873015873016
-2101.873015873016
-2112.873015873016
-2013.873015873016
-2024.873015873016
-2035.873015873016
-2046.873015873016
-2057.873015873016
-2068.873015873016
-2079.873015873016
-2090.873015873016
-2101.873015873016
-2002.873015873016
-2013.873015873016
-2024.873015873016
-2035.873015873016
-2046.873015873016
-2057.873015873016
-2068.873015873016
-2079.873015873016
-2090.873015873016
-2101.873015873016
-2112.873015873016
-2098.6507936507933
-2109.6507936507933
-2120.6507936507933
-2131.6507936507933
-2109.079365079365
-2120.079365079365
-2131.079365079365
-2142.079365079365
-2153.079365079365
-2164.079365079365
-2175.079365079365
-2186.079365079365
-2197.079365079365
-2208.079365079365
-2219.079365079365
-2230.079365079365
-2241.079365079365
-2252.079365079365
-2263.079365079365
-2274.079365079365
-2285.079365079365
-2296.079365079365
-2307.079365079365
-2318.079365079365
-2329.079365079365
-2311.079365079365
-2322.079365079365
-2304.079365079365
-2315.079365079365
-2326.079365079365
-2337.079365079365
-2348.079365079365
-2359.079365079365
-2370.079365079365
-2381.079365079365
-2392.079365079365
-2369.5079365079364
-2380.5079365079364
-2391.5079365079364
-2402.5079365079364
-2413.5079365079364
-2424.5079365079364
-2435.5079365079364
-2446.5079365079364
-2457.5079365079364
-2468.5079365079364
-2479.5079365079364
-2490.5079365079364
-2501.5079365079364
-2512.5079365079364
-2523.5079365079364
-2534.5079365079364
-2545.5079365079364
-2556.5079365079364
-2567.5079365079364
-2578.5079365079364
-2589.5079365079364
-2600.5079365079364
-2553.5079365079364
-2564.5079365079364
-2575.5079365079364
-2586.5079365079364
-2597.5079365079364
-2608.5079365079364
-2619.5079365079364
-2630.5079365079364
-2641.5079365079364
-2652.5079365079364
-2663.5079365079364
-2674.5079365079364
-2627.5079365079364
-2638.5079365079364
-2649.5079365079364
-2660.5079365079364
-2671.5079365079364
-2682.5079365079364
-2659.936507936508
-2670.936507936508
-2681.936507936508
-2692.936507936508
-2703.936507936508
-2681.3650793650795
-2692.3650793650795
-2703.3650793650795
-2714.3650793650795
-2725.3650793650795
-2736.3650793650795
-2747.3650793650795
-2648.3650793650795
-2659.3650793650795
-2670.3650793650795
-2681.3650793650795
-2692.3650793650795
-2703.3650793650795
-2714.3650793650795
-2725.3650793650795
-2736.3650793650795
-2747.3650793650795
-2758.3650793650795
-2769.3650793650795
-2780.3650793650795
-2791.3650793650795
-2802.3650793650795
-2813.3650793650795
-2824.3650793650795
-2835.3650793650795
-2846.3650793650795
-2857.3650793650795
-2846.3650793650795
-2857.3650793650795
-2868.3650793650795
-2879.3650793650795
-2890.3650793650795
-2901.3650793650795
-2912.3650793650795
-2923.3650793650795
-2934.3650793650795
-2945.3650793650795
-2956.3650793650795
-2967.3650793650795
-2978.3650793650795
-2989.3650793650795
-2953.3650793650795
-2964.3650793650795
-2975.3650793650795
-2986.3650793650795
-2997.3650793650795
-2932.6984126984125
-2943.6984126984125
-2896.6984126984125
-2907.6984126984125
-2918.6984126984125
-2929.6984126984125
-2940.6984126984125
-2951.6984126984125
-2962.6984126984125
-2973.6984126984125
-2984.6984126984125
-2995.6984126984125
-3006.6984126984125
-3017.6984126984125
-3028.6984126984125
-3039.6984126984125
-3050.6984126984125
-3036.47619047619
-3047.47619047619
-3058.47619047619
-3069.47619047619
-3051.47619047619
-3062.47619047619
-3073.47619047619
-3084.47619047619
-3095.47619047619
-3106.47619047619
-3117.47619047619
-3128.47619047619
-3139.47619047619
-3150.47619047619
-3161.47619047619
-3172.47619047619
-3183.47619047619
-3194.47619047619
-3205.47619047619
-3216.47619047619
-3227.47619047619
-3238.47619047619
-3249.47619047619
-3184.809523809523
-3195.809523809523
-3206.809523809523
-3142.142857142856
-3153.142857142856
-3164.142857142856
-3175.142857142856
-3186.142857142856
-3197.142857142856
-3208.142857142856
-3219.142857142856
-3230.142857142856
-3241.142857142856
-3252.142857142856
-3241.142857142856
-3252.142857142856
-3263.142857142856
-3164.142857142856
-3175.142857142856
-3186.142857142856
-3197.142857142856
-3150.142857142856
-3161.142857142856
-3172.142857142856
-3183.142857142856
-3194.142857142856
-3171.5714285714275
-3124.5714285714275
-3135.5714285714275
-3146.5714285714275
-3157.5714285714275
-3168.5714285714275
-3179.5714285714275
-3190.5714285714275
-3201.5714285714275
-3212.5714285714275
-3223.5714285714275
-3234.5714285714275
-3245.5714285714275
-3256.5714285714275
-3267.5714285714275
-3278.5714285714275
-3289.5714285714275
-3300.5714285714275
-3289.5714285714275
-3300.5714285714275
-3311.5714285714275
-3322.5714285714275
-3333.5714285714275
-3344.5714285714275
-3355.5714285714275
-3366.5714285714275
-3377.5714285714275
-3388.5714285714275
-3399.5714285714275
-3410.5714285714275
-3421.5714285714275
-3432.5714285714275
-3443.5714285714275
-3454.5714285714275
-3465.5714285714275
-3476.5714285714275
-3487.5714285714275
-3498.5714285714275
-3509.5714285714275
-3462.5714285714275
-3473.5714285714275
-3484.5714285714275
-3466.5714285714275
-3477.5714285714275
-3488.5714285714275
-3499.5714285714275
-3510.5714285714275
-3521.5714285714275
-3532.5714285714275
-3543.5714285714275
-3554.5714285714275
-3540.349206349205
-3504.349206349205
-3515.349206349205
-3526.349206349205
-3537.349206349205
-3548.349206349205
-3559.349206349205
-3570.349206349205
-3581.349206349205
-3592.349206349205
-3603.349206349205
-3614.349206349205
-3625.349206349205
-3636.349206349205
-3647.349206349205
-3658.349206349205
-3669.349206349205
-3680.349206349205
-3691.349206349205
-3702.349206349205
-3713.349206349205
-3724.349206349205
-3735.349206349205
-3724.349206349205
-3735.349206349205
-3746.349206349205
-3757.349206349205
-3768.349206349205
-3779.349206349205
-3790.349206349205
-3801.349206349205
-3812.349206349205
-3823.349206349205
-3800.7777777777765
-3811.7777777777765
-3822.7777777777765
-3833.7777777777765
-3844.7777777777765
-3855.7777777777765
-3844.7777777777765
-3855.7777777777765
-3866.7777777777765
-3877.7777777777765
-3888.7777777777765
-3899.7777777777765
-3910.7777777777765
-3921.7777777777765
-3903.7777777777765
-3914.7777777777765
-3903.7777777777765
-3867.7777777777765
-3878.7777777777765
-3889.7777777777765
-3900.7777777777765
-3911.7777777777765
-3922.7777777777765
-3933.7777777777765
-3944.7777777777765
-3955.7777777777765
-3927.4444444444434
-3938.4444444444434
-3949.4444444444434
-3960.4444444444434
-3971.4444444444434
-3982.4444444444434
-3993.4444444444434
-3975.4444444444434
-3986.4444444444434
-3997.4444444444434
-4008.4444444444434
-4019.4444444444434
-4030.4444444444434
-4041.4444444444434
-4052.4444444444434
-4063.4444444444434
-4074.4444444444434
-4085.4444444444434
-4096.444444444443
-4107.444444444443
-4118.444444444443
-4129.444444444443
-4140.444444444443
-4151.444444444443
-4162.444444444443
-4173.444444444443
-4184.444444444443
-4195.444444444443
-4206.444444444443
-4217.444444444443
-4228.444444444443
-4239.444444444443
-4140.444444444443
-4151.444444444443
-4115.444444444443
-4126.444444444443
-4137.444444444443
-4148.444444444443
-4159.444444444443
-4094.777777777777
-4105.777777777777
-4116.777777777777
-4127.777777777777
-4138.777777777777
-4149.777777777777
-4160.777777777777
-4171.777777777777
-4182.777777777777
-4193.777777777777
-4204.777777777777
-4182.206349206348
-4193.206349206348
-4204.206349206348
-4215.206349206348
-4226.206349206348
-4237.206349206348
-4219.206349206348
-4230.206349206348
-4131.206349206348
-4142.206349206348
-4153.206349206348
-4164.206349206348
-4175.206349206348
-4186.206349206348
-4197.206349206348
-4208.206349206348
-4219.206349206348
-4230.206349206348
-4241.206349206348
-4252.206349206348
-4263.206349206348
-4274.206349206348
-4285.206349206348
-4296.206349206348
-4307.206349206348
-4289.206349206348
-4300.206349206348
-4311.206349206348
