-11
-22
-33
-44
-55
-66
-77
-88
-99
-88.0
-99.0
-110.0
-121.0
-132.0
-143.0
-154.0
-136.0
-147.0
-158.0
-169.0
-180.0
-191.0
-202.0
-213.0
-224.0
-235.0
-246.0
-257.0
-268.0
-279.0
-290.0
-301.0
-312.0
-323.0
-294.66666666666663
-305.66666666666663
-316.66666666666663
-327.66666666666663
-338.66666666666663
-274.0
-285.0
-296.0
-249.0
-260.0
-249.0
-260.0
-271.0
-282.0
-293.0
-264.66666666666663
-275.66666666666663
-286.66666666666663
-297.66666666666663
-308.66666666666663
-319.66666666666663
-330.66666666666663
-341.66666666666663
-305.66666666666663
-316.66666666666663
-327.66666666666663
-338.66666666666663
-349.66666666666663
-360.66666666666663
-371.66666666666663
-382.66666666666663
-371.66666666666663
-382.66666666666663
-393.66666666666663
-375.66666666666663
-386.66666666666663
-397.66666666666663
-408.66666666666663
-419.66666666666663
-430.66666666666663
-441.66666666666663
-342.66666666666663
-353.66666666666663
-364.66666666666663
-375.66666666666663
-386.66666666666663
-397.66666666666663
-408.66666666666663
-419.66666666666663
-430.66666666666663
-441.66666666666663
-452.66666666666663
-438.44444444444446
-449.44444444444446
-460.44444444444446
-471.44444444444446
-482.44444444444446
-493.44444444444446
-504.44444444444446
-515.4444444444445
-526.4444444444445
-537.4444444444445
-548.4444444444445
-559.4444444444445
-570.4444444444445
-581.4444444444445
-592.4444444444445
-603.4444444444445
-614.4444444444445
-625.4444444444445
-636.4444444444445
-647.4444444444445
-658.4444444444445
-669.4444444444445
-680.4444444444445
-691.4444444444445
-680.4444444444445
-691.4444444444445
-702.4444444444445
-713.4444444444445
-724.4444444444445
-735.4444444444445
-746.4444444444445
-757.4444444444445
-768.4444444444445
-779.4444444444445
-790.4444444444445
-691.4444444444445
-702.4444444444445
-713.4444444444445
-724.4444444444445
-735.4444444444445
-746.4444444444445
-757.4444444444445
-768.4444444444445
-779.4444444444445
-790.4444444444445
-691.4444444444445
-702.4444444444445
-713.4444444444445
-724.4444444444445
-735.4444444444445
-746.4444444444445
-757.4444444444445
-768.4444444444445
-779.4444444444445
-790.4444444444445
-801.4444444444445
-812.4444444444445
-823.4444444444445
-834.4444444444445
-845.4444444444445
-856.4444444444445
-867.4444444444445
-878.4444444444445
-889.4444444444445
-900.4444444444445
-911.4444444444445
-922.4444444444445
-933.4444444444445
-944.4444444444445
-921.8730158730158
-932.8730158730158
-943.8730158730158
-954.8730158730158
-965.8730158730158
-976.8730158730158
-987.8730158730158
-998.8730158730158
-1009.8730158730158
-1020.8730158730158
-984.8730158730159
-995.8730158730159
-1006.8730158730159
-1017.8730158730159
-1028.873015873016
-1039.873015873016
-1050.873015873016
-1061.873015873016
-1072.873015873016
-1083.873015873016
-1094.873015873016
-1105.873015873016
-1083.3015873015875
-1069.0793650793653
-1080.0793650793653
-1091.0793650793653
-1102.0793650793653
-1113.0793650793653
-1124.0793650793653
-1113.0793650793653
-1124.0793650793653
-1135.0793650793653
-1120.8571428571431
-1131.8571428571431
-1142.8571428571431
-1153.8571428571431
-1164.8571428571431
-1175.8571428571431
-1186.8571428571431
-1197.8571428571431
-1208.8571428571431
-1219.8571428571431
-1230.8571428571431
-1241.8571428571431
-1252.8571428571431
-1224.5238095238096
-1235.5238095238096
-1246.5238095238096
-1257.5238095238096
-1268.5238095238096
-1279.5238095238096
-1290.5238095238096
-1279.5238095238096
-1290.5238095238096
-1301.5238095238096
-1312.5238095238096
-1298.3015873015875
-1309.3015873015875
-1320.3015873015875
-1331.3015873015875
-1266.634920634921
-1277.634920634921
-1288.634920634921
-1299.634920634921
-1310.634920634921
-1321.634920634921
-1332.634920634921
-1343.634920634921
-1354.634920634921
-1255.634920634921
-1266.634920634921
-1277.634920634921
-1288.634920634921
-1299.634920634921
-1310.634920634921
-1321.634920634921
-1332.634920634921
-1343.634920634921
-1354.634920634921
-1365.634920634921
-1376.634920634921
-1387.634920634921
-1398.634920634921
-1409.634920634921
-1420.634920634921
-1431.634920634921
-1442.634920634921
-1453.634920634921
-1464.634920634921
-1475.634920634921
-1486.634920634921
-1497.634920634921
-1508.634920634921
-1519.634920634921
-1530.634920634921
-1541.634920634921
-1552.634920634921
-1563.634920634921
-1545.634920634921
-1498.634920634921
-1509.634920634921
-1520.634920634921
-1531.634920634921
-1503.3015873015875
-1514.3015873015875
-1525.3015873015875
-1536.3015873015875
-1547.3015873015875
-1558.3015873015875
-1569.3015873015875
-1580.3015873015875
-1591.3015873015875
-1602.3015873015875
-1613.3015873015875
-1624.3015873015875
-1635.3015873015875
-1646.3015873015875
-1657.3015873015875
-1668.3015873015875
-1679.3015873015875
-1690.3015873015875
-1701.3015873015875
-1712.3015873015875
-1723.3015873015875
-1734.3015873015875
-1745.3015873015875
-1756.3015873015875
-1767.3015873015875
-1778.3015873015875
-1789.3015873015875
-1800.3015873015875
-1811.3015873015875
-1822.3015873015875
-1833.3015873015875
-1844.3015873015875
-1855.3015873015875
-1866.3015873015875
-1877.3015873015875
-1848.968253968254
-1859.968253968254
-1870.968253968254
-1881.968253968254
-1892.968253968254
-1903.968253968254
-1914.968253968254
-1925.968253968254
-1936.968253968254
-1947.968253968254
-1958.968253968254
-1969.968253968254
-1980.968253968254
-1991.968253968254
-2002.968253968254
-2013.968253968254
-2024.968253968254
-2035.968253968254
-2021.7460317460318
-2032.7460317460318
-2004.4126984126983
-2015.4126984126983
-2026.4126984126983
-2037.4126984126983
-2048.4126984126983
-2059.4126984126983
-2070.4126984126983
-2081.4126984126983
-2053.0793650793653
-2064.0793650793653
-2075.0793650793653
-2086.0793650793653
-2097.0793650793653
-2108.0793650793653
-2119.0793650793653
-2130.0793650793653
-2141.0793650793653
-2152.0793650793653
-2163.0793650793653
-2174.0793650793653
-2159.8571428571427
-2170.8571428571427
-2181.8571428571427
-2192.8571428571427
-2203.8571428571427
-2214.8571428571427
-2225.8571428571427
-2236.8571428571427
-2247.8571428571427
-2258.8571428571427
-2269.8571428571427
-2280.8571428571427
-2291.8571428571427
-2302.8571428571427
-2313.8571428571427
-2324.8571428571427
-2335.8571428571427
-2346.8571428571427
-2357.8571428571427
-2368.8571428571427
-2379.8571428571427
-2390.8571428571427
-2401.8571428571427
-2412.8571428571427
-2423.8571428571427
-2434.8571428571427
-2335.8571428571427
-2321.63492063492
-2332.63492063492
-2343.63492063492
-2354.63492063492
-2332.0634920634916
-2309.492063492063
-2320.492063492063
-2331.492063492063
-2342.492063492063
-2353.492063492063
-2364.492063492063
-2375.492063492063
-2386.492063492063
-2397.492063492063
-2408.492063492063
-2419.492063492063
-2430.492063492063
-2441.492063492063
-2452.492063492063
-2463.492063492063
-2474.492063492063
-2485.492063492063
-2496.492063492063
-2507.492063492063
-2518.492063492063
-2529.492063492063
-2540.492063492063
-2551.492063492063
-2562.492063492063
-2573.492063492063
-2584.492063492063
-2595.492063492063
-2606.492063492063
-2617.492063492063
-2589.15873015873
-2600.15873015873
-2611.15873015873
-2622.15873015873
-2633.15873015873
-2644.15873015873
-2655.15873015873
-2666.15873015873
-2677.15873015873
-2688.15873015873
-2699.15873015873
-2710.15873015873
-2721.15873015873
-2732.15873015873
-2743.15873015873
-2644.15873015873
-2655.15873015873
-2637.15873015873
-2614.5873015873017
-2625.5873015873017
-2636.5873015873017
-2647.5873015873017
-2658.5873015873017
-2640.5873015873017
-2651.5873015873017
-2640.5873015873017
-2651.5873015873017
-2637.365079365079
-2648.365079365079
-2659.365079365079
-2670.365079365079
-2681.365079365079
-2692.365079365079
-2669.7936507936506
-2570.7936507936506
-2581.7936507936506
-2592.7936507936506
-2603.7936507936506
-2614.7936507936506
-2625.7936507936506
-2636.7936507936506
-2647.7936507936506
-2658.7936507936506
-2669.7936507936506
-2680.7936507936506
-2691.7936507936506
-2702.7936507936506
-2713.7936507936506
-2724.7936507936506
-2735.7936507936506
-2746.7936507936506
-2757.7936507936506
-2768.7936507936506
-2779.7936507936506
-2768.7936507936506
-2779.7936507936506
-2790.7936507936506
-2801.7936507936506
-2783.7936507936506
-2794.7936507936506
-2805.7936507936506
-2816.7936507936506
-2827.7936507936506
-2838.7936507936506
-2849.7936507936506
-2860.7936507936506
-2871.7936507936506
-2882.7936507936506
-2893.7936507936506
-2879.571428571428
-2890.571428571428
-2901.571428571428
-2912.571428571428
-2923.571428571428
-2934.571428571428
-2945.571428571428
-2956.571428571428
-2967.571428571428
-2902.904761904761
-2913.904761904761
-2924.904761904761
-2935.904761904761
-2946.904761904761
-2957.904761904761
-2968.904761904761
-2940.571428571428
-2951.571428571428
-2962.571428571428
-2973.571428571428
-2984.571428571428
-2995.571428571428
-3006.571428571428
-3017.571428571428
-3028.571428571428
-3039.571428571428
-3050.571428571428
-3061.571428571428
-3072.571428571428
-3083.571428571428
-3094.571428571428
-3105.571428571428
-3116.571428571428
-3127.571428571428
-3138.571428571428
-3149.571428571428
-3160.571428571428
-3171.571428571428
-3182.571428571428
-3154.238095238095
-3165.238095238095
-3176.238095238095
-3187.238095238095
-3164.6666666666665
-3175.6666666666665
-3186.6666666666665
-3197.6666666666665
-3208.6666666666665
-3219.6666666666665
-3230.6666666666665
-3241.6666666666665
-3252.6666666666665
-3263.6666666666665
-3274.6666666666665
-3285.6666666666665
-3296.6666666666665
-3307.6666666666665
-3318.6666666666665
-3329.6666666666665
-3340.6666666666665
-3322.6666666666665
-3333.6666666666665
-3344.6666666666665
-3355.6666666666665
-3366.6666666666665
-3301.9999999999995
-3312.9999999999995
-3323.9999999999995
-3334.9999999999995
-3345.9999999999995
-3356.9999999999995
-3367.9999999999995
-3378.9999999999995
-3389.9999999999995
-3400.9999999999995
-3411.9999999999995
-3422.9999999999995
-3433.9999999999995
-3444.9999999999995
-3455.9999999999995
-3466.9999999999995
-3477.9999999999995
-3488.9999999999995
-3499.9999999999995
-3510.9999999999995
-3521.9999999999995
-3532.9999999999995
-3543.9999999999995
-3554.9999999999995
-3565.9999999999995
-3576.9999999999995
-3587.9999999999995
-3598.9999999999995
-3609.9999999999995
-3620.9999999999995
-3631.9999999999995
-3642.9999999999995
-3653.9999999999995
-3664.9999999999995
-3675.9999999999995
-3686.9999999999995
-3697.9999999999995
-3708.9999999999995
-3719.9999999999995
-3730.9999999999995
-3741.9999999999995
-3752.9999999999995
-3763.9999999999995
-3774.9999999999995
-3785.9999999999995
-3796.9999999999995
-3807.9999999999995
-3818.9999999999995
-3829.9999999999995
-3840.9999999999995
-3851.9999999999995
-3787.3333333333326
-3798.3333333333326
-3809.3333333333326
-3820.3333333333326
-3831.3333333333326
-3842.3333333333326
-3853.3333333333326
-3864.3333333333326
-3875.3333333333326
-3886.3333333333326
-3897.3333333333326
-3908.3333333333326
-3919.3333333333326
-3930.3333333333326
-3941.3333333333326
-3952.3333333333326
-3963.3333333333326
-3974.3333333333326
-3985.3333333333326
-3996.3333333333326
-4007.3333333333326
-4018.3333333333326
-4029.3333333333326
-4018.3333333333326
-4029.3333333333326
-4040.3333333333326
-4051.3333333333326
-4062.3333333333326
-4073.3333333333326
-4084.3333333333326
-4095.3333333333326
-4106.333333333332
-4083.761904761903
-4065.761904761903
-4076.761904761903
-4087.761904761903
-4098.761904761903
-4109.761904761903
-4120.761904761903
-4131.761904761903
-4142.761904761903
-4153.761904761903
-4164.761904761903
-4175.761904761903
-4164.761904761903
-4175.761904761903
-4186.761904761903
-4197.761904761903
-4133.095238095237
-4144.095238095237
-4155.095238095237
-4166.095238095237
-4177.095238095237
-4188.095238095237
-4199.095238095237
-4210.095238095237
-4187.523809523807
-4169.523809523807
-4180.523809523807
-4191.523809523807
-4202.523809523807
-4213.523809523807
-4195.523809523807
-4184.523809523807
-4195.523809523807
-4206.523809523807
-4217.523809523807
-4228.523809523807
-4239.523809523807
-4250.523809523807
-4261.523809523807
-4272.523809523807
-4283.523809523807
-4294.523809523807
-4305.523809523807
-4316.523809523807
-4327.523809523807
-4338.523809523807
-4349.523809523807
-4250.523809523807
-4261.523809523807
-4272.523809523807
-4283.523809523807
-4294.523809523807
-4305.523809523807
-4287.523809523807
-4298.523809523807
-4309.523809523807
-4320.523809523807
-4331.523809523807
-4342.523809523807
-4353.523809523807
-4364.523809523807
-4317.523809523807
-4270.523809523807
-4281.523809523807
-4292.523809523807
-4303.523809523807
-4314.523809523807
-4325.523809523807
-4336.523809523807
-4318.523809523807
-4329.523809523807
-4340.523809523807
-4351.523809523807
-4362.523809523807
-4373.523809523807
-4384.523809523807
