-11
-22
-33
-44
-55
-40.77777777777777
-51.77777777777777
-62.77777777777777
-73.77777777777777
-84.77777777777777
-95.77777777777777
-48.77777777777777
-59.77777777777777
-70.77777777777777
-81.77777777777777
-92.77777777777777
-103.77777777777777
-75.44444444444443
-86.44444444444443
-75.44444444444443
-86.44444444444443
-97.44444444444443
-108.44444444444443
-119.44444444444443
-130.44444444444443
-141.44444444444443
-152.44444444444443
-163.44444444444443
-174.44444444444443
-185.44444444444443
-196.44444444444443
-207.44444444444443
-218.44444444444443
-229.44444444444443
-240.44444444444443
-251.44444444444443
-262.44444444444446
-273.44444444444446
-284.44444444444446
-295.44444444444446
-306.44444444444446
-317.44444444444446
-328.44444444444446
-339.44444444444446
-350.44444444444446
-361.44444444444446
-372.44444444444446
-383.44444444444446
-394.44444444444446
-405.44444444444446
-416.44444444444446
-427.44444444444446
-438.44444444444446
-449.44444444444446
-460.44444444444446
-471.44444444444446
-482.44444444444446
-459.8730158730159
-470.8730158730159
-481.8730158730159
-492.8730158730159
-503.8730158730159
-514.8730158730159
-525.8730158730159
-536.8730158730159
-547.8730158730159
-558.8730158730159
-569.8730158730159
-580.8730158730159
-591.8730158730159
-602.8730158730159
-613.8730158730159
-624.8730158730159
-635.8730158730159
-646.8730158730159
-657.8730158730159
-668.8730158730159
-679.8730158730159
-690.8730158730159
-701.8730158730159
-712.8730158730159
-723.8730158730159
-734.8730158730159
-745.8730158730159
-756.8730158730159
-767.8730158730159
-668.8730158730159
-679.8730158730159
-690.8730158730159
-701.8730158730159
-712.8730158730159
-723.8730158730159
-734.8730158730159
-745.8730158730159
-756.8730158730159
-767.8730158730159
-778.8730158730159
-789.8730158730159
-800.8730158730159
-811.8730158730159
-822.8730158730159
-808.6507936507937
-819.6507936507937
-830.6507936507937
-841.6507936507937
-852.6507936507937
-863.6507936507937
-874.6507936507937
-885.6507936507937
-896.6507936507937
-907.6507936507937
-885.0793650793651
-896.0793650793651
-907.0793650793651
-918.0793650793651
-929.0793650793651
-940.0793650793651
-951.0793650793651
-962.0793650793651
-973.0793650793651
-984.0793650793651
-995.0793650793651
-1006.0793650793651
-1017.0793650793651
-1028.079365079365
-1039.079365079365
-1050.079365079365
-1032.079365079365
-1043.079365079365
-1054.079365079365
-1065.079365079365
-1076.079365079365
-1087.079365079365
-1098.079365079365
-1109.079365079365
-1120.079365079365
-1131.079365079365
-1142.079365079365
-1153.079365079365
-1164.079365079365
-1175.079365079365
-1186.079365079365
-1197.079365079365
-1168.7460317460316
-1179.7460317460316
-1190.7460317460316
-1201.7460317460316
-1212.7460317460316
-1223.7460317460316
-1124.7460317460316
-1135.7460317460316
-1146.7460317460316
-1157.7460317460316
-1168.7460317460316
-1069.7460317460316
-1080.7460317460316
-1091.7460317460316
-1102.7460317460316
-1113.7460317460316
-1124.7460317460316
-1135.7460317460316
-1146.7460317460316
-1157.7460317460316
-1168.7460317460316
-1179.7460317460316
-1190.7460317460316
-1201.7460317460316
-1212.7460317460316
-1223.7460317460316
-1234.7460317460316
-1245.7460317460316
-1256.7460317460316
-1267.7460317460316
-1278.7460317460316
-1289.7460317460316
-1300.7460317460316
-1311.7460317460316
-1322.7460317460316
-1333.7460317460316
-1344.7460317460316
-1355.7460317460316
-1366.7460317460316
-1377.7460317460316
-1388.7460317460316
-1399.7460317460316
-1410.7460317460316
-1363.7460317460316
-1374.7460317460316
-1385.7460317460316
-1396.7460317460316
-1368.412698412698
-1379.412698412698
-1361.412698412698
-1372.412698412698
-1383.412698412698
-1394.412698412698
-1405.412698412698
-1416.412698412698
-1405.412698412698
-1416.412698412698
-1427.412698412698
-1438.412698412698
-1449.412698412698
-1460.412698412698
-1471.412698412698
-1482.412698412698
-1493.412698412698
-1504.412698412698
-1515.412698412698
-1526.412698412698
-1537.412698412698
-1548.412698412698
-1559.412698412698
-1536.8412698412696
-1547.8412698412696
-1558.8412698412696
-1569.8412698412696
-1580.8412698412696
-1591.8412698412696
-1602.8412698412696
-1613.8412698412696
-1624.8412698412696
-1635.8412698412696
-1617.8412698412696
-1628.8412698412696
-1639.8412698412696
-1650.8412698412696
-1603.8412698412696
-1614.8412698412696
-1625.8412698412696
-1636.8412698412696
-1647.8412698412696
-1658.8412698412696
-1622.8412698412696
-1633.8412698412696
-1644.8412698412696
-1655.8412698412696
-1666.8412698412696
-1677.8412698412696
-1688.8412698412696
-1674.6190476190475
-1685.6190476190475
-1696.6190476190475
-1707.6190476190475
-1718.6190476190475
-1729.6190476190475
-1740.6190476190475
-1751.6190476190475
-1762.6190476190475
-1773.6190476190475
-1784.6190476190475
-1795.6190476190475
-1806.6190476190475
-1817.6190476190475
-1828.6190476190475
-1839.6190476190475
-1850.6190476190475
-1861.6190476190475
-1872.6190476190475
-1883.6190476190475
-1894.6190476190475
-1905.6190476190475
-1840.952380952381
-1851.952380952381
-1862.952380952381
-1873.952380952381
-1884.952380952381
-1895.952380952381
-1906.952380952381
-1917.952380952381
-1928.952380952381
-1939.952380952381
-1950.952380952381
-1961.952380952381
-1972.952380952381
-1983.952380952381
-1884.952380952381
-1856.6190476190475
-1867.6190476190475
-1878.6190476190475
-1889.6190476190475
-1900.6190476190475
-1911.6190476190475
-1922.6190476190475
-1933.6190476190475
-1834.6190476190475
-1845.6190476190475
-1856.6190476190475
-1867.6190476190475
-1878.6190476190475
-1889.6190476190475
-1900.6190476190475
-1911.6190476190475
-1922.6190476190475
-1933.6190476190475
-1944.6190476190475
-1955.6190476190475
-1966.6190476190475
-1977.6190476190475
-1988.6190476190475
-1999.6190476190475
-2010.6190476190475
-2021.6190476190475
-2032.6190476190475
-2043.6190476190475
-2054.6190476190477
-2065.6190476190477
-2076.6190476190477
-2087.6190476190477
-2098.6190476190477
-2109.6190476190477
-2120.6190476190477
-2131.6190476190477
-2142.6190476190477
-2153.6190476190477
-2164.6190476190477
-2175.6190476190477
-2186.6190476190477
-2197.6190476190477
-2175.0476190476193
-2186.0476190476193
-2197.0476190476193
-2208.0476190476193
-2219.0476190476193
-2230.0476190476193
-2241.0476190476193
-2230.0476190476193
-2241.0476190476193
-2252.0476190476193
-2263.0476190476193
-2274.0476190476193
-2285.0476190476193
-2296.0476190476193
-2307.0476190476193
-2284.476190476191
-2295.476190476191
-2259.476190476191
-2270.476190476191
-2281.476190476191
-2292.476190476191
-2303.476190476191
-2314.476190476191
-2325.476190476191
-2336.476190476191
-2313.9047619047624
-2324.9047619047624
-2335.9047619047624
-2346.9047619047624
-2357.9047619047624
-2368.9047619047624
-2379.9047619047624
-2390.9047619047624
-2401.9047619047624
-2412.9047619047624
-2423.9047619047624
-2434.9047619047624
-2445.9047619047624
-2456.9047619047624
-2467.9047619047624
-2478.9047619047624
-2442.9047619047624
-2453.9047619047624
-2425.5714285714294
-2436.5714285714294
-2447.5714285714294
-2458.5714285714294
-2469.5714285714294
-2480.5714285714294
-2491.5714285714294
-2502.5714285714294
-2513.5714285714294
-2524.5714285714294
-2535.5714285714294
-2546.5714285714294
-2557.5714285714294
-2568.5714285714294
-2579.5714285714294
-2590.5714285714294
-2601.5714285714294
-2612.5714285714294
-2623.5714285714294
-2634.5714285714294
-2645.5714285714294
-2656.5714285714294
-2667.5714285714294
-2678.5714285714294
-2689.5714285714294
-2671.5714285714294
-2682.5714285714294
-2693.5714285714294
-2704.5714285714294
-2715.5714285714294
-2726.5714285714294
-2737.5714285714294
-2748.5714285714294
-2759.5714285714294
-2770.5714285714294
-2781.5714285714294
-2792.5714285714294
-2770.000000000001
-2781.000000000001
-2792.000000000001
-2803.000000000001
-2814.000000000001
-2825.000000000001
-2836.000000000001
-2847.000000000001
-2836.000000000001
-2847.000000000001
-2858.000000000001
-2869.000000000001
-2880.000000000001
-2891.000000000001
-2902.000000000001
-2913.000000000001
-2924.000000000001
-2935.000000000001
-2946.000000000001
-2957.000000000001
-2968.000000000001
-2979.000000000001
-2990.000000000001
-3001.000000000001
-3012.000000000001
-3023.000000000001
-3034.000000000001
-3045.000000000001
-3056.000000000001
-3067.000000000001
-3078.000000000001
-3089.000000000001
-3100.000000000001
-3111.000000000001
-3122.000000000001
-3133.000000000001
-3144.000000000001
-3155.000000000001
-3144.000000000001
-3155.000000000001
-3166.000000000001
-3177.000000000001
-3188.000000000001
-3199.000000000001
-3210.000000000001
-3221.000000000001
-3232.000000000001
-3243.000000000001
-3254.000000000001
-3265.000000000001
-3276.000000000001
-3253.4285714285725
-3264.4285714285725
-3275.4285714285725
-3286.4285714285725
-3297.4285714285725
-3308.4285714285725
-3319.4285714285725
-3330.4285714285725
-3341.4285714285725
-3352.4285714285725
-3363.4285714285725
-3374.4285714285725
-3385.4285714285725
-3396.4285714285725
-3407.4285714285725
-3418.4285714285725
-3429.4285714285725
-3440.4285714285725
-3451.4285714285725
-3462.4285714285725
-3473.4285714285725
-3484.4285714285725
-3495.4285714285725
-3506.4285714285725
-3517.4285714285725
-3528.4285714285725
-3539.4285714285725
-3550.4285714285725
-3522.0952380952394
-3533.0952380952394
-3544.0952380952394
-3515.7619047619064
-3526.7619047619064
-3537.7619047619064
-3548.7619047619064
-3559.7619047619064
-3570.7619047619064
-3581.7619047619064
-3592.7619047619064
-3603.7619047619064
-3614.7619047619064
-3625.7619047619064
-3636.7619047619064
-3647.7619047619064
-3658.7619047619064
-3669.7619047619064
-3680.7619047619064
-3691.7619047619064
-3702.7619047619064
-3713.7619047619064
-3724.7619047619064
-3735.7619047619064
-3746.7619047619064
-3757.7619047619064
-3768.7619047619064
-3779.7619047619064
-3790.7619047619064
-3801.7619047619064
-3812.7619047619064
-3823.7619047619064
-3834.7619047619064
-3845.7619047619064
-3856.7619047619064
-3867.7619047619064
-3878.7619047619064
-3889.7619047619064
-3900.7619047619064
-3911.7619047619064
-3922.7619047619064
-3933.7619047619064
-3944.7619047619064
-3955.7619047619064
-3966.7619047619064
-3977.7619047619064
-3988.7619047619064
-3999.7619047619064
-4010.7619047619064
-3911.7619047619064
-3922.7619047619064
-3933.7619047619064
-3944.7619047619064
-3955.7619047619064
-3966.7619047619064
-3977.7619047619064
-3988.7619047619064
-3999.7619047619064
-4010.7619047619064
-3963.7619047619064
-3974.7619047619064
-3985.7619047619064
-3996.7619047619064
-3974.190476190478
-3956.190476190478
-3967.190476190478
-3978.190476190478
-3989.190476190478
-4000.190476190478
-4011.190476190478
-4022.190476190478
-4033.190476190478
-4044.190476190478
-4055.190476190478
-4066.190476190478
-3967.190476190478
-3978.190476190478
-3955.6190476190495
-3966.6190476190495
-3977.6190476190495
-3988.6190476190495
-3966.047619047621
-3977.047619047621
-3988.047619047621
-3999.047619047621
-4010.047619047621
-4021.047619047621
-3998.4761904761926
-4009.4761904761926
-4020.4761904761926
-4031.4761904761926
-4042.4761904761926
-4053.4761904761926
-4064.4761904761926
-4075.4761904761926
-4086.4761904761926
-4097.476190476193
-4074.904761904764
-4085.904761904764
-4096.904761904764
-4107.904761904764
-4093.6825396825416
-4104.682539682542
-4040.0158730158746
-4051.0158730158746
-4062.0158730158746
-4073.0158730158746
-4084.0158730158746
-4095.0158730158746
-4106.015873015875
-4117.015873015875
-4102.793650793652
-4074.460317460319
-4085.460317460319
-4096.460317460319
-4107.460317460319
-4118.460317460319
-4129.460317460319
-4140.460317460319
-4151.460317460319
-4162.460317460319
-4173.460317460319
-4184.460317460319
-4195.460317460319
-4206.460317460319
-4217.460317460319
-4228.460317460319
-4239.460317460319
-4250.460317460319
-4261.460317460319
-4272.460317460319
-4173.460317460319
-4184.460317460319
-4173.460317460319
-4184.460317460319
-4148.460317460319
-4159.460317460319
-4170.460317460319
-4181.460317460319
-4192.460317460319
-4203.460317460319
-4214.460317460319
-4225.460317460319
-4236.460317460319
-4247.460317460319
-4258.460317460319
-4269.460317460319
-4280.460317460319
-4291.460317460319
-4302.460317460319
-4313.460317460319
-4324.460317460319
-4335.460317460319
-4346.460317460319
-4357.460317460319
-4368.460317460319
-4379.460317460319
-4356.88888888889
-4367.88888888889
-4378.88888888889
-4389.88888888889
-4400.88888888889
-4336.2222222222235
-4347.2222222222235
-4358.2222222222235
-4369.2222222222235
-4380.2222222222235
-4391.2222222222235
-4402.2222222222235
-4373.88888888889
-4384.88888888889
-4395.88888888889
-4406.88888888889
-4417.88888888889
-4428.88888888889
-4439.88888888889
-4450.88888888889
-4351.88888888889
-4362.88888888889
-4373.88888888889
-4384.88888888889
-4395.88888888889
-4406.88888888889
-4417.88888888889
-4428.88888888889
-4439.88888888889
-4450.88888888889
-4461.88888888889
-4433.555555555556
-4334.555555555556
-4345.555555555556
-4356.555555555556
-4367.555555555556
-4378.555555555556
-4389.555555555556
-4400.555555555556
-4411.555555555556
-4422.555555555556
-4433.555555555556
-4444.555555555556
-4455.555555555556
-4466.555555555556
-4477.555555555556
-4466.555555555556
-4455.555555555556
-4466.555555555556
-4477.555555555556
-4488.555555555556
-4499.555555555556
