-11
-22
77.0
66.0
55.0
44.0
33.0
22.0
69.0
58.0
47.0
36.0
25.0
124.0
188.66666666666669
177.66666666666669
166.66666666666669
155.66666666666669
144.66666666666669
133.66666666666669
122.66666666666669
133.66666666666669
122.66666666666669
111.66666666666669
210.66666666666669
199.66666666666669
188.66666666666669
177.66666666666669
166.66666666666669
155.66666666666669
144.66666666666669
133.66666666666669
122.66666666666669
111.66666666666669
100.66666666666669
89.66666666666669
78.66666666666669
89.66666666666669
78.66666666666669
67.66666666666669
56.666666666666686
121.33333333333337
110.33333333333337
99.33333333333337
88.33333333333337
77.33333333333337
66.33333333333337
55.33333333333337
44.33333333333337
33.33333333333337
22.33333333333337
11.333333333333371
0.33333333333337123
-10.666666666666629
36.33333333333337
25.33333333333337
14.333333333333371
79.00000000000004
68.00000000000004
57.00000000000004
46.00000000000004
35.00000000000004
24.000000000000043
13.000000000000043
49.00000000000004
38.00000000000004
27.000000000000043
91.66666666666671
80.66666666666671
69.66666666666671
58.666666666666714
105.66666666666671
94.66666666666671
83.66666666666671
119.66666666666671
108.66666666666671
97.66666666666671
196.6666666666667
185.6666666666667
174.6666666666667
163.6666666666667
152.6666666666667
141.6666666666667
130.6666666666667
229.6666666666667
218.6666666666667
207.6666666666667
196.6666666666667
243.6666666666667
232.6666666666667
221.6666666666667
320.66666666666674
309.66666666666674
298.66666666666674
287.66666666666674
276.66666666666674
305.0000000000001
294.0000000000001
283.0000000000001
272.0000000000001
261.0000000000001
250.0000000000001
297.0000000000001
396.0000000000001
385.0000000000001
432.0000000000001
421.0000000000001
410.0000000000001
399.0000000000001
388.0000000000001
377.0000000000001
366.0000000000001
355.0000000000001
344.0000000000001
333.0000000000001
322.0000000000001
311.0000000000001
300.0000000000001
289.0000000000001
278.0000000000001
267.0000000000001
256.0000000000001
245.0000000000001
234.0000000000001
281.0000000000001
328.0000000000001
317.0000000000001
306.0000000000001
295.0000000000001
306.0000000000001
295.0000000000001
284.0000000000001
273.0000000000001
262.0000000000001
251.0000000000001
240.0000000000001
229.0000000000001
218.0000000000001
207.0000000000001
196.0000000000001
185.0000000000001
196.0000000000001
185.0000000000001
221.0000000000001
210.0000000000001
199.0000000000001
188.0000000000001
177.0000000000001
195.0000000000001
184.0000000000001
173.0000000000001
162.0000000000001
151.0000000000001
140.0000000000001
129.0000000000001
118.00000000000011
107.00000000000011
96.00000000000011
85.00000000000011
74.00000000000011
96.5714285714287
85.5714285714287
74.5714285714287
110.5714285714287
99.5714285714287
88.5714285714287
77.5714285714287
66.5714285714287
55.5714285714287
44.5714285714287
143.5714285714287
132.5714285714287
121.5714285714287
110.5714285714287
175.23809523809538
164.23809523809538
182.23809523809538
171.23809523809538
160.23809523809538
149.23809523809538
138.23809523809538
127.23809523809538
116.23809523809538
105.23809523809538
94.23809523809538
83.23809523809538
72.23809523809538
61.23809523809538
50.23809523809538
39.23809523809538
28.238095238095383
17.238095238095383
6.238095238095383
-4.761904761904617
-15.761904761904617
-26.761904761904617
-37.76190476190462
26.904761904762054
73.90476190476205
138.57142857142873
203.2380952380954
192.2380952380954
181.2380952380954
170.2380952380954
159.2380952380954
187.57142857142873
176.57142857142873
165.57142857142873
154.57142857142873
143.57142857142873
179.57142857142873
168.57142857142873
157.57142857142873
146.57142857142873
135.57142857142873
124.57142857142873
113.57142857142873
102.57142857142873
113.57142857142873
102.57142857142873
91.57142857142873
80.57142857142873
69.57142857142873
58.571428571428726
47.571428571428726
36.571428571428726
25.571428571428726
14.571428571428726
3.5714285714287257
-7.428571428571274
-18.428571428571274
-29.428571428571274
-40.428571428571274
-51.428571428571274
-62.428571428571274
-73.42857142857127
-84.42857142857127
-95.42857142857127
-106.42857142857127
-117.42857142857127
-128.42857142857127
-139.42857142857127
-150.42857142857127
-161.42857142857127
-172.42857142857127
-183.42857142857127
-194.42857142857127
-205.42857142857127
-216.42857142857127
-205.42857142857127
-216.42857142857127
-227.42857142857127
-238.42857142857127
-249.42857142857127
-260.4285714285713
-271.4285714285713
-282.4285714285713
-293.4285714285713
-304.4285714285713
-315.4285714285713
-326.4285714285713
-337.4285714285713
-348.4285714285713
-359.4285714285713
-370.4285714285713
-381.4285714285713
-392.4285714285713
-356.4285714285713
-367.4285714285713
-378.4285714285713
-389.4285714285713
-400.4285714285713
-411.4285714285713
-422.4285714285713
-433.4285714285713
-444.4285714285713
-455.4285714285713
-466.4285714285713
-477.4285714285713
-488.4285714285713
-499.4285714285713
-510.4285714285713
-521.4285714285713
-532.4285714285713
-504.095238095238
-515.0952380952381
-526.0952380952381
-537.0952380952381
-548.0952380952381
-559.0952380952381
-570.0952380952381
-581.0952380952381
-592.0952380952381
-603.0952380952381
-614.0952380952381
-625.0952380952381
-636.0952380952381
-625.0952380952381
-636.0952380952381
-647.0952380952381
-658.0952380952381
-669.0952380952381
-654.8730158730159
-665.8730158730159
-643.3015873015872
-654.3015873015872
-665.3015873015872
-676.3015873015872
-662.0793650793651
-563.0793650793651
-574.0793650793651
-545.7460317460318
-556.7460317460318
-567.7460317460318
-578.7460317460318
-479.7460317460318
-490.7460317460318
-501.7460317460318
-512.7460317460318
-465.7460317460318
-476.7460317460318
-487.7460317460318
-498.7460317460318
-509.7460317460318
-520.7460317460318
-531.7460317460318
-542.7460317460318
-553.7460317460318
-564.7460317460318
-575.7460317460318
-586.7460317460318
-572.5238095238096
-583.5238095238096
-594.5238095238096
-605.5238095238096
-616.5238095238096
-627.5238095238096
-638.5238095238096
-649.5238095238096
-660.5238095238096
-671.5238095238096
-635.5238095238096
-646.5238095238096
-657.5238095238096
-668.5238095238096
-679.5238095238096
-690.5238095238096
-643.5238095238096
-654.5238095238096
-665.5238095238096
-676.5238095238096
-687.5238095238096
-698.5238095238096
-709.5238095238096
-720.5238095238096
-731.5238095238096
-742.5238095238096
-753.5238095238096
-764.5238095238096
-775.5238095238096
-786.5238095238096
-797.5238095238096
-808.5238095238096
-819.5238095238096
-754.8571428571429
-765.8571428571429
-776.8571428571429
-787.8571428571429
-798.8571428571429
-809.8571428571429
-820.8571428571429
-831.8571428571429
-842.8571428571429
-853.8571428571429
-864.8571428571429
-875.8571428571429
-886.8571428571429
-897.8571428571429
-869.5238095238096
-880.5238095238096
-891.5238095238096
-902.5238095238096
-913.5238095238096
-924.5238095238096
-935.5238095238096
-946.5238095238096
-957.5238095238096
-921.5238095238096
-932.5238095238096
-943.5238095238096
-954.5238095238096
-965.5238095238096
-976.5238095238096
-987.5238095238096
-998.5238095238096
-1009.5238095238096
-1020.5238095238096
-1031.5238095238096
-1042.5238095238096
-1053.5238095238096
-1064.5238095238096
-1075.5238095238096
-1086.5238095238096
-1097.5238095238096
-1108.5238095238096
-1119.5238095238096
-1130.5238095238096
-1141.5238095238096
-1152.5238095238096
-1163.5238095238096
-1174.5238095238096
-1185.5238095238096
-1196.5238095238096
-1207.5238095238096
-1218.5238095238096
-1229.5238095238096
-1218.5238095238096
-1229.5238095238096
-1240.5238095238096
-1251.5238095238096
-1152.5238095238096
-1163.5238095238096
-1174.5238095238096
-1185.5238095238096
-1171.3015873015875
-1124.3015873015875
-1135.3015873015875
-1121.0793650793653
-1074.0793650793653
-1085.0793650793653
-1096.0793650793653
-1107.0793650793653
-1118.0793650793653
-1129.0793650793653
-1140.0793650793653
-1151.0793650793653
-1162.0793650793653
-1173.0793650793653
-1184.0793650793653
-1195.0793650793653
-1206.0793650793653
-1217.0793650793653
-1228.0793650793653
-1239.0793650793653
-1250.0793650793653
-1261.0793650793653
-1272.0793650793653
-1283.0793650793653
-1184.0793650793653
-1195.0793650793653
-1206.0793650793653
-1217.0793650793653
-1228.0793650793653
-1239.0793650793653
-1250.0793650793653
-1261.0793650793653
-1272.0793650793653
-1283.0793650793653
-1294.0793650793653
-1305.0793650793653
-1316.0793650793653
-1327.0793650793653
-1338.0793650793653
-1349.0793650793653
-1326.5079365079368
-1337.5079365079368
-1238.5079365079368
-1249.5079365079368
-1260.5079365079368
-1271.5079365079368
-1282.5079365079368
-1293.5079365079368
-1228.8412698412703
-1239.8412698412703
-1250.8412698412703
-1261.8412698412703
-1272.8412698412703
-1283.8412698412703
-1294.8412698412703
-1247.8412698412703
-1258.8412698412703
-1269.8412698412703
-1205.1746031746038
-1216.1746031746038
-1227.1746031746038
-1238.1746031746038
-1249.1746031746038
-1260.1746031746038
-1271.1746031746038
-1282.1746031746038
-1293.1746031746038
-1304.1746031746038
-1315.1746031746038
-1326.1746031746038
-1337.1746031746038
-1290.1746031746038
-1301.1746031746038
-1312.1746031746038
-1323.1746031746038
-1300.6031746031754
-1311.6031746031754
-1322.6031746031754
-1257.9365079365089
-1246.9365079365089
-1224.3650793650804
-1235.3650793650804
-1246.3650793650804
-1257.3650793650804
-1268.3650793650804
-1279.3650793650804
-1290.3650793650804
-1301.3650793650804
-1312.3650793650804
-1323.3650793650804
-1334.3650793650804
-1311.793650793652
-1322.793650793652
-1333.793650793652
-1344.793650793652
-1355.793650793652
-1366.793650793652
-1377.793650793652
-1388.793650793652
-1399.793650793652
-1410.793650793652
-1421.793650793652
-1432.793650793652
-1443.793650793652
-1454.793650793652
-1465.793650793652
-1476.793650793652
-1487.793650793652
-1498.793650793652
-1509.793650793652
-1520.793650793652
-1531.793650793652
-1542.793650793652
-1553.793650793652
-1535.793650793652
-1521.5714285714298
-1532.5714285714298
-1504.2380952380963
-1515.2380952380963
-1526.2380952380963
-1490.2380952380963
-1501.2380952380963
-1512.2380952380963
-1523.2380952380963
-1534.2380952380963
-1505.9047619047628
-1516.9047619047628
-1527.9047619047628
-1480.9047619047628
-1491.9047619047628
-1473.9047619047628
-1484.9047619047628
-1456.5714285714294
-1467.5714285714294
-1478.5714285714294
-1489.5714285714294
-1500.5714285714294
-1511.5714285714294
-1522.5714285714294
-1533.5714285714294
-1544.5714285714294
-1555.5714285714294
-1566.5714285714294
-1577.5714285714294
-1588.5714285714294
-1489.5714285714294
-1500.5714285714294
-1511.5714285714294
-1522.5714285714294
-1533.5714285714294
-1544.5714285714294
-1555.5714285714294
-1566.5714285714294
-1577.5714285714294
-1563.3492063492072
-1574.3492063492072
-1585.3492063492072
-1596.3492063492072
-1607.3492063492072
-1618.3492063492072
-1629.3492063492072
-1606.7777777777787
-1617.7777777777787
-1628.7777777777787
-1600.4444444444453
-1577.8730158730168
-1588.8730158730168
-1599.8730158730168
-1610.8730158730168
-1621.8730158730168
-1632.8730158730168
-1643.8730158730168
-1654.8730158730168
-1665.8730158730168
-1676.8730158730168
-1687.8730158730168
-1698.8730158730168
-1709.8730158730168
-1720.8730158730168
-1731.8730158730168
-1742.8730158730168
-1753.8730158730168
-1764.8730158730168
-1775.8730158730168
-1786.8730158730168
-1797.8730158730168
-1808.8730158730168
-1819.8730158730168
-1830.8730158730168
-1841.8730158730168
-1852.8730158730168
-1863.8730158730168
-1874.8730158730168
-1885.8730158730168
-1896.8730158730168
-1907.8730158730168
-1918.8730158730168
-1929.8730158730168
-1940.8730158730168
-1951.8730158730168
-1962.8730158730168
-1863.8730158730168
-1874.8730158730168
-1838.8730158730168
-1849.8730158730168
-1860.8730158730168
-1871.8730158730168
-1882.8730158730168
-1893.8730158730168
-1904.8730158730168
-1915.8730158730168
-1926.8730158730168
-1937.8730158730168
-1948.8730158730168
-1959.8730158730168
-1970.8730158730168
-1981.8730158730168
-1992.8730158730168
-2003.8730158730168
-2014.8730158730168
-2025.8730158730168
-2036.8730158730168
-2047.8730158730168
-2058.873015873017
-2069.873015873017
-2080.873015873017
-2091.873015873017
-2102.873015873017
-2113.873015873017
-2077.873015873017
-2088.873015873017
-2099.873015873017
-2110.873015873017
-2121.873015873017
-2074.873015873017
-2085.873015873017
-2096.873015873017
-2107.873015873017
-2118.873015873017
-2129.873015873017
-2140.873015873017
-2129.873015873017
-2140.873015873017
-2151.873015873017
-2162.873015873017
-2173.873015873017
-2184.873015873017
-2195.873015873017
-2206.873015873017
-2217.873015873017
-2195.3015873015884
-2206.3015873015884
-2217.3015873015884
-2228.3015873015884
-2239.3015873015884
-2250.3015873015884
-2261.3015873015884
-2272.3015873015884
-2283.3015873015884
-2294.3015873015884
-2305.3015873015884
-2316.3015873015884
-2327.3015873015884
-2338.3015873015884
-2349.3015873015884
-2360.3015873015884
-2371.3015873015884
-2382.3015873015884
-2393.3015873015884
-2404.3015873015884
-2368.3015873015884
-2379.3015873015884
-2390.3015873015884
-2291.3015873015884
-2302.3015873015884
-2313.3015873015884
-2324.3015873015884
-2335.3015873015884
-2346.3015873015884
-2357.3015873015884
-2368.3015873015884
-2379.3015873015884
-2390.3015873015884
