-11
-22
-33
-44
-55
-66
-77
-88
-99
-110
-121
-132
-143
-154
-165
-176
-187
-198
-209
-220
-231
-242
-253
-264
-275
-286
-297
-308
-319
-330
-341
-323.0
-334.0
-345.0
-356.0
-367.0
-378.0
-389.0
-400.0
-411.0
-422.0
-433.0
-444.0
-455.0
-466.0
-477.0
-488.0
-499.0
-510.0
-521.0
-532.0
-543.0
-554.0
-565.0
-576.0
-587.0
-598.0
-609.0
-620.0
-631.0
-642.0
-653.0
-630.4285714285713
-641.4285714285713
-652.4285714285713
-663.4285714285713
-674.4285714285713
-685.4285714285713
-696.4285714285713
-707.4285714285713
-718.4285714285713
-729.4285714285713
-740.4285714285713
-751.4285714285713
-762.4285714285713
-734.0952380952381
-745.0952380952381
-730.8730158730159
-741.8730158730159
-752.8730158730159
-763.8730158730159
-774.8730158730159
-785.8730158730159
-796.8730158730159
-807.8730158730159
-818.8730158730159
-829.8730158730159
-840.8730158730159
-851.8730158730159
-862.8730158730159
-873.8730158730159
-884.8730158730159
-895.8730158730159
-906.8730158730159
-842.2063492063492
-853.2063492063492
-864.2063492063492
-875.2063492063492
-886.2063492063492
-897.2063492063492
-908.2063492063492
-919.2063492063492
-930.2063492063492
-941.2063492063492
-952.2063492063492
-963.2063492063492
-974.2063492063492
-985.2063492063492
-967.2063492063492
-978.2063492063492
-989.2063492063492
-1000.2063492063492
-1011.2063492063492
-1022.2063492063492
-1033.2063492063492
-1044.2063492063492
-1055.2063492063492
-1066.2063492063492
-1077.2063492063492
-1088.2063492063492
-1099.2063492063492
-1110.2063492063492
-1121.2063492063492
-1132.2063492063492
-1143.2063492063492
-1154.2063492063492
-1125.8730158730157
-1136.8730158730157
-1147.8730158730157
-1158.8730158730157
-1169.8730158730157
-1180.8730158730157
-1191.8730158730157
-1202.8730158730157
-1213.8730158730157
-1224.8730158730157
-1235.8730158730157
-1246.8730158730157
-1257.8730158730157
-1268.8730158730157
-1279.8730158730157
-1290.8730158730157
-1301.8730158730157
-1312.8730158730157
-1323.8730158730157
-1334.8730158730157
-1345.8730158730157
-1356.8730158730157
-1338.8730158730157
-1349.8730158730157
-1360.8730158730157
-1261.8730158730157
-1272.8730158730157
-1283.8730158730157
-1255.5396825396822
-1266.5396825396822
-1277.5396825396822
-1288.5396825396822
-1299.5396825396822
-1310.5396825396822
-1321.5396825396822
-1332.5396825396822
-1343.5396825396822
-1354.5396825396822
-1365.5396825396822
-1376.5396825396822
-1387.5396825396822
-1398.5396825396822
-1409.5396825396822
-1420.5396825396822
-1431.5396825396822
-1442.5396825396822
-1453.5396825396822
-1464.5396825396822
-1436.2063492063487
-1447.2063492063487
-1458.2063492063487
-1469.2063492063487
-1480.2063492063487
-1491.2063492063487
-1502.2063492063487
-1513.2063492063487
-1524.2063492063487
-1535.2063492063487
-1524.2063492063487
-1535.2063492063487
-1546.2063492063487
-1557.2063492063487
-1568.2063492063487
-1579.2063492063487
-1590.2063492063487
-1601.2063492063487
-1612.2063492063487
-1623.2063492063487
-1634.2063492063487
-1645.2063492063487
-1616.8730158730152
-1627.8730158730152
-1638.8730158730152
-1649.8730158730152
-1660.8730158730152
-1671.8730158730152
-1682.8730158730152
-1671.8730158730152
-1682.8730158730152
-1693.8730158730152
-1704.8730158730152
-1690.650793650793
-1701.650793650793
-1712.650793650793
-1723.650793650793
-1734.650793650793
-1745.650793650793
-1756.650793650793
-1767.650793650793
-1778.650793650793
-1789.650793650793
-1800.650793650793
-1811.650793650793
-1822.650793650793
-1833.650793650793
-1844.650793650793
-1855.650793650793
-1756.650793650793
-1767.650793650793
-1778.650793650793
-1789.650793650793
-1800.650793650793
-1811.650793650793
-1822.650793650793
-1833.650793650793
-1844.650793650793
-1855.650793650793
-1866.650793650793
-1877.650793650793
-1888.650793650793
-1899.650793650793
-1910.650793650793
-1921.650793650793
-1932.650793650793
-1943.650793650793
-1954.650793650793
-1965.650793650793
-1976.650793650793
-1987.650793650793
-1959.3174603174596
-1970.3174603174596
-1981.3174603174596
-1992.3174603174596
-2003.3174603174596
-2014.3174603174596
-2025.3174603174596
-2036.3174603174596
-1937.3174603174596
-1948.3174603174596
-1959.3174603174596
-1970.3174603174596
-1981.3174603174596
-1992.3174603174596
-2003.3174603174596
-2014.3174603174596
-2025.3174603174596
-2036.3174603174596
-2047.3174603174596
-2058.3174603174593
-2069.3174603174593
-2080.3174603174593
-2091.3174603174593
-2102.3174603174593
-2113.3174603174593
-2124.3174603174593
-2135.3174603174593
-2106.9841269841263
-2117.9841269841263
-2128.9841269841263
-2139.9841269841263
-2150.9841269841263
-2161.9841269841263
-2147.7619047619037
-2158.7619047619037
-2169.7619047619037
-2155.539682539681
-2166.539682539681
-2177.539682539681
-2188.539682539681
-2199.539682539681
-2163.539682539681
-2174.539682539681
-2185.539682539681
-2196.539682539681
-2207.539682539681
-2218.539682539681
-2229.539682539681
-2240.539682539681
-2141.539682539681
-2152.539682539681
-2163.539682539681
-2174.539682539681
-2185.539682539681
-2196.539682539681
-2207.539682539681
-2218.539682539681
-2229.539682539681
-2240.539682539681
-2251.539682539681
-2262.539682539681
-2273.539682539681
-2284.539682539681
-2295.539682539681
-2306.539682539681
-2317.539682539681
-2328.539682539681
-2339.539682539681
-2350.539682539681
-2361.539682539681
-2372.539682539681
-2383.539682539681
-2394.539682539681
-2405.539682539681
-2416.539682539681
-2427.539682539681
-2438.539682539681
-2415.9682539682526
-2426.9682539682526
-2437.9682539682526
-2448.9682539682526
-2459.9682539682526
-2470.9682539682526
-2481.9682539682526
-2492.9682539682526
-2503.9682539682526
-2514.9682539682526
-2525.9682539682526
-2536.9682539682526
-2547.9682539682526
-2558.9682539682526
-2569.9682539682526
-2580.9682539682526
-2591.9682539682526
-2492.9682539682526
-2503.9682539682526
-2514.9682539682526
-2525.9682539682526
-2536.9682539682526
-2547.9682539682526
-2558.9682539682526
-2569.9682539682526
-2580.9682539682526
-2591.9682539682526
-2602.9682539682526
-2613.9682539682526
-2624.9682539682526
-2596.6349206349196
-2607.6349206349196
-2618.6349206349196
-2629.6349206349196
-2640.6349206349196
-2651.6349206349196
-2662.6349206349196
-2673.6349206349196
-2684.6349206349196
-2695.6349206349196
-2706.6349206349196
-2717.6349206349196
-2728.6349206349196
-2739.6349206349196
-2750.6349206349196
-2761.6349206349196
-2772.6349206349196
-2783.6349206349196
-2794.6349206349196
-2783.6349206349196
-2794.6349206349196
-2805.6349206349196
-2816.6349206349196
-2827.6349206349196
-2762.9682539682526
-2773.9682539682526
-2784.9682539682526
-2795.9682539682526
-2759.9682539682526
-2770.9682539682526
-2781.9682539682526
-2792.9682539682526
-2803.9682539682526
-2814.9682539682526
-2825.9682539682526
-2797.6349206349196
-2808.6349206349196
-2743.9682539682526
-2754.9682539682526
-2765.9682539682526
-2776.9682539682526
-2787.9682539682526
-2798.9682539682526
-2809.9682539682526
-2820.9682539682526
-2831.9682539682526
-2842.9682539682526
-2853.9682539682526
-2864.9682539682526
-2875.9682539682526
-2886.9682539682526
-2897.9682539682526
-2908.9682539682526
-2919.9682539682526
-2930.9682539682526
-2941.9682539682526
-2952.9682539682526
-2963.9682539682526
-2974.9682539682526
-2985.9682539682526
-2996.9682539682526
-3007.9682539682526
-3018.9682539682526
-3029.9682539682526
-3040.9682539682526
-3004.9682539682526
-3015.9682539682526
-3026.9682539682526
-3037.9682539682526
-3048.9682539682526
-3059.9682539682526
-3070.9682539682526
-3081.9682539682526
-3092.9682539682526
-3103.9682539682526
-3114.9682539682526
-3125.9682539682526
-3136.9682539682526
-3147.9682539682526
-3158.9682539682526
-3169.9682539682526
-3180.9682539682526
-3191.9682539682526
-3202.9682539682526
-3213.9682539682526
-3224.9682539682526
-3235.9682539682526
-3246.9682539682526
-3257.9682539682526
-3210.9682539682526
-3221.9682539682526
-3232.9682539682526
-3243.9682539682526
-3254.9682539682526
-3265.9682539682526
-3276.9682539682526
-3287.9682539682526
-3298.9682539682526
-3309.9682539682526
-3320.9682539682526
-3331.9682539682526
-3342.9682539682526
-3328.74603174603
-3339.74603174603
-3350.74603174603
-3361.74603174603
-3372.74603174603
-3383.74603174603
-3394.74603174603
-3405.74603174603
-3416.74603174603
-3427.74603174603
-3438.74603174603
-3449.74603174603
-3460.74603174603
-3471.74603174603
-3482.74603174603
-3493.74603174603
-3504.74603174603
-3515.74603174603
-3526.74603174603
-3537.74603174603
-3548.74603174603
-3559.74603174603
-3570.74603174603
-3581.74603174603
-3592.74603174603
-3603.74603174603
-3614.74603174603
-3625.74603174603
-3636.74603174603
-3647.74603174603
-3658.74603174603
-3669.74603174603
-3605.079365079363
-3616.079365079363
-3627.079365079363
-3638.079365079363
-3649.079365079363
-3660.079365079363
-3671.079365079363
-3682.079365079363
-3693.079365079363
-3704.079365079363
-3715.079365079363
-3726.079365079363
-3737.079365079363
-3748.079365079363
-3759.079365079363
-3770.079365079363
-3781.079365079363
-3792.079365079363
-3803.079365079363
-3814.079365079363
-3825.079365079363
-3836.079365079363
-3847.079365079363
-3858.079365079363
-3869.079365079363
-3880.079365079363
-3891.079365079363
-3902.079365079363
-3913.079365079363
-3924.079365079363
-3935.079365079363
-3946.079365079363
-3957.079365079363
-3939.079365079363
-3950.079365079363
-3961.079365079363
-3972.079365079363
-3983.079365079363
-3994.079365079363
-4005.079365079363
-4016.079365079363
-4027.079365079363
-4038.079365079363
-4049.079365079363
-4060.079365079363
-4071.079365079363
-4082.079365079363
-4093.079365079363
-4104.079365079363
-4115.079365079363
-4126.079365079363
-4137.079365079363
-4148.079365079363
-4159.079365079363
-4170.079365079363
-4181.079365079363
-4192.079365079363
-4203.079365079363
-4214.079365079363
-4225.079365079363
-4236.079365079363
-4247.079365079363
-4258.079365079363
-4269.079365079363
-4280.079365079363
-4291.079365079363
-4302.079365079363
-4313.079365079363
-4324.079365079363
-4306.079365079363
-4317.079365079363
-4328.079365079363
-4339.079365079363
-4350.079365079363
-4361.079365079363
-4372.079365079363
-4383.079365079363
-4394.079365079363
-4405.079365079363
-4416.079365079363
-4387.746031746029
-4398.746031746029
-4409.746031746029
-4420.746031746029
-4431.746031746029
-4442.746031746029
-4453.746031746029
-4464.746031746029
-4475.746031746029
-4486.746031746029
-4472.523809523806
-4483.523809523806
-4494.523809523806
-4505.523809523806
-4516.523809523806
-4527.523809523806
-4509.523809523806
-4520.523809523806
-4531.523809523806
-4542.523809523806
-4553.523809523806
-4564.523809523806
-4575.523809523806
-4586.523809523806
-4597.523809523806
-4608.523809523806
-4619.523809523806
-4630.523809523806
-4641.523809523806
-4652.523809523806
-4663.523809523806
-4674.523809523806
-4685.523809523806
-4696.523809523806
-4707.523809523806
-4718.523809523806
-4729.523809523806
-4740.523809523806
-4712.1904761904725
-4723.1904761904725
-4734.1904761904725
-4687.1904761904725
-4672.96825396825
-4683.96825396825
-4694.96825396825
-4676.96825396825
-4687.96825396825
-4698.96825396825
-4709.96825396825
-4720.96825396825
-4731.96825396825
-4742.96825396825
-4753.96825396825
-4764.96825396825
-4775.96825396825
-4786.96825396825
-4797.96825396825
-4808.96825396825
-4819.96825396825
-4830.96825396825
-4816.746031746027
-4827.746031746027
-4838.746031746027
-4849.746031746027
-4860.746031746027
-4871.746031746027
-4882.746031746027
-4893.746031746027
-4904.746031746027
-4915.746031746027
-4926.746031746027
-4937.746031746027
-4948.746031746027
-4937.746031746027
-4838.746031746027
-4849.746031746027
-4860.746031746027
-4871.746031746027
-4882.746031746027
-4893.746031746027
-4904.746031746027
-4915.746031746027
-4926.746031746027
-4912.523809523805
-4923.523809523805
-4934.523809523805
-4945.523809523805
-4956.523809523805
-4967.523809523805
-4978.523809523805
-4989.523809523805
-5000.523809523805
-5011.523809523805
-4912.523809523805
-4923.523809523805
-4934.523809523805
-4945.523809523805
-4956.523809523805
-4967.523809523805
-4978.523809523805
-4989.523809523805
-5000.523809523805
-5011.523809523805
-5022.523809523805
-4975.523809523805
-4986.523809523805
-4997.523809523805
-5008.523809523805
-5019.523809523805
-5030.523809523805
-5041.523809523805
-5052.523809523805
-5063.523809523805
-5074.523809523805
-5085.523809523805
-5096.523809523805
